48 76 86 50 35 95 56 70 68 29 24 6 73 68 51 95 28 56 31 97 71 41 16 74 92 100 58 79 51 22 75 75 27 23 83 100 33 78 63 64 21 15 7 86 61 19 69 81 45 32 62 21 65 55 8 37 88 83 45 14 79 99 79 62 64 76 75 35 10 25 87 31 24 45 82 56 29 67 62 78 96 40 68 18 20 59 28 73 10 90 90 9 81 46 84 27 
9 8 58 40 32 74 85 100 72 62 90 78 30 70 10 34 47 56 53 65 99 79 34 77 80 36 44 81 15 90 44 100 26 20 62 98 50 90 6 9 82 81 9 7 100 1 60 24 50 91 48 97 82 7 48 61 60 48 10 61 41 44 21 84 20 38 88 20 21 77 95 61 86 89 66 20 97 83 66 23 5 7 78 61 12 55 72 47 47 44 27 56 2 71 10 23 
69 47 41 14 10 1 52 51 29 44 26 6 21 35 58 3 9 52 45 5 21 22 83 11 25 63 13 98 90 27 37 79 9 14 89 89 60 38 8 26 78 50 58 22 11 16 52 28 42 36 59 72 8 96 80 70 64 4 14 45 56 45 79 59 89 19 21 15 14 80 24 72 47 82 61 98 74 100 100 49 22 66 31 24 38 92 4 90 28 70 67 79 90 55 88 9 
57 13 4 20 59 27 50 90 11 74 2 94 88 80 46 51 72 87 79 2 98 64 62 8 91 16 14 34 48 42 35 76 40 29 76 14 93 94 59 6 84 15 9 31 62 15 94 1 28 27 42 19 25 4 78 44 23 87 85 30 54 25 49 97 73 13 21 88 66 13 25 63 6 8 5 12 85 26 54 99 94 43 97 95 68 23 98 18 77 47 1 13 76 81 66 33 
57 87 47 1 78 39 41 45 54 32 73 43 97 28 86 2 78 1 5 90 57 6 73 81 67 23 20 56 76 29 45 92 56 70 12 62 32 44 11 48 17 57 2 56 71 56 96 72 3 37 25 87 74 82 59 80 68 51 93 80 83 61 33 88 10 67 5 35 2 22 85 37 43 94 45 22 85 65 51 61 59 34 18 66 10 99 53 13 86 65 37 46 4 54 46 29 
56 2 2 37 11 26 67 62 88 93 5 15 27 10 33 21 94 27 33 49 76 41 70 9 19 69 21 32 85 77 4 43 46 36 3 80 17 77 49 78 40 59 72 74 44 79 66 33 80 21 69 62 77 93 12 3 41 53 89 51 10 69 78 8 70 9 96 91 43 19 38 51 11 64 78 98 85 80 58 44 47 87 75 32 50 51 22 64 87 80 65 2 82 31 59 4 
69 6 74 45 33 56 11 8 94 55 36 4 46 39 71 77 44 24 75 53 86 47 45 63 92 33 89 81 89 98 44 62 14 55 80 21 26 44 46 15 51 87 36 92 97 98 82 37 66 80 82 29 81 34 37 50 50 36 6 69 47 60 94 35 87 78 37 83 37 77 10 83 52 91 65 41 32 21 56 78 41 9 67 11 52 69 40 20 74 6 63 2 29 77 87 30 
18 40 11 53 6 78 34 30 10 62 7 33 14 58 68 36 82 14 37 11 48 93 35 18 100 90 33 39 12 6 69 65 52 14 52 22 47 59 44 67 98 74 8 45 92 28 98 16 17 3 43 69 93 19 94 61 51 27 62 61 95 94 81 52 92 99 9 12 24 96 78 17 27 43 36 50 38 49 92 66 57 36 19 100 77 94 51 35 66 67 65 78 85 5 84 43 
79 50 84 85 94 14 24 3 14 45 58 40 72 38 31 38 13 19 40 8 70 24 9 90 67 34 48 24 83 61 98 34 95 37 98 61 70 80 40 91 97 85 70 78 27 47 45 24 15 5 53 67 19 56 83 57 33 48 7 51 89 19 8 70 92 28 52 97 50 30 90 53 5 79 41 60 6 12 31 74 38 17 26 32 97 48 18 44 64 64 30 26 2 16 68 89 
50 83 41 70 66 69 74 64 27 41 28 52 51 58 47 83 9 98 55 52 58 65 2 86 66 56 18 23 95 69 30 7 1 64 46 61 37 68 31 33 44 91 98 50 26 35 90 48 14 6 91 30 13 41 52 96 84 44 69 13 58 31 92 71 4 53 18 65 60 95 39 58 53 62 10 48 22 68 21 8 45 40 59 72 49 27 62 25 68 7 23 5 76 20 25 36 
100 5 33 41 54 37 85 7 77 46 18 73 35 69 43 16 56 42 19 51 71 22 26 29 22 63 93 10 92 65 26 23 4 4 63 79 98 18 19 95 44 70 55 53 88 27 54 3 19 31 50 79 73 32 49 16 74 63 17 6 5 57 43 20 23 47 27 64 71 46 53 57 22 28 40 15 29 87 72 69 37 74 23 92 95 26 26 69 10 22 31 76 96 41 78 53 
31 83 93 73 7 26 18 9 95 94 41 17 82 66 32 44 62 82 62 87 80 92 99 68 12 45 80 88 70 61 68 52 88 49 8 75 24 60 42 63 79 19 26 19 3 86 63 63 94 95 73 11 24 13 81 70 81 19 89 84 17 62 28 69 9 60 63 67 4 41 9 68 47 32 2 32 9 81 68 17 45 39 77 28 63 56 4 7 32 78 7 55 37 87 20 37 
19 10 46 79 46 31 8 66 23 99 89 67 54 24 66 91 64 69 62 22 79 57 90 40 81 100 11 33 39 65 16 99 96 92 54 26 44 58 3 58 58 62 10 14 12 45 61 80 15 90 54 68 44 10 97 2 7 80 31 48 8 46 21 26 29 42 5 24 90 91 30 67 60 38 85 91 74 50 82 77 14 89 19 2 60 68 33 36 57 17 93 2 57 95 35 75 
1 33 27 17 37 38 55 49 74 87 5 49 13 87 31 14 30 43 16 71 1 98 42 6 72 32 60 40 20 49 23 98 19 88 99 65 33 38 56 7 95 65 29 40 74 72 14 75 95 27 70 36 70 13 60 66 79 82 38 33 95 94 7 49 48 86 53 11 88 90 28 94 19 59 44 58 54 65 35 89 51 38 10 49 55 77 99 13 77 1 17 79 77 33 82 98 
72 29 65 16 100 80 65 69 52 83 41 16 34 66 61 76 61 20 92 87 4 3 42 2 24 27 3 71 28 62 2 31 45 71 35 63 35 15 22 41 60 77 37 2 44 99 8 69 86 51 97 28 50 16 45 46 3 97 98 16 85 38 82 51 53 64 91 6 36 68 37 29 33 18 85 13 77 19 31 65 2 58 17 66 63 53 19 72 81 85 87 20 37 51 70 85 
94 19 43 81 47 36 99 62 26 73 75 49 2 57 35 100 84 11 96 26 83 80 62 48 66 100 30 26 90 84 29 24 5 49 36 66 12 20 33 2 59 38 48 42 96 54 33 68 32 20 94 44 79 33 93 11 42 61 37 2 41 26 33 35 83 24 60 95 32 17 28 42 58 38 39 43 57 40 55 6 95 9 29 53 5 58 49 75 34 8 99 66 19 11 73 93 
39 13 63 7 11 59 40 64 71 35 36 32 61 78 39 83 2 18 40 11 2 59 73 80 70 61 89 35 64 4 69 24 62 63 79 51 72 8 69 98 91 39 52 6 75 90 64 79 5 48 67 8 37 10 21 43 13 46 45 78 31 77 58 87 8 6 19 72 38 52 15 97 10 25 31 51 39 83 88 49 65 85 98 65 92 40 3 21 17 56 87 12 57 2 74 73 
1 91 28 58 7 47 69 49 20 69 31 87 75 46 33 57 43 29 72 19 83 98 72 100 3 22 9 41 67 63 6 7 23 93 33 98 32 26 84 62 4 96 72 70 13 38 68 43 13 75 1 11 19 29 76 7 26 59 66 26 89 94 62 90 21 46 4 27 75 94 22 19 29 37 35 19 50 16 93 65 28 22 38 44 65 20 36 100 90 95 36 95 21 42 33 91 
1 76 76 74 82 71 68 27 99 90 51 26 83 42 56 27 76 90 58 1 36 66 25 89 6 79 3 94 77 36 58 52 2 67 22 39 24 54 14 12 22 65 78 85 60 37 21 62 87 71 70 43 25 38 80 10 3 99 29 43 31 43 33 55 72 73 33 84 3 99 43 99 49 43 73 41 42 55 31 64 98 36 13 11 86 55 91 76 14 32 58 22 31 57 56 48 
55 38 46 11 67 75 94 89 24 3 5 39 26 91 41 92 90 80 39 44 30 25 60 55 79 23 48 87 53 33 14 2 43 82 17 3 37 64 8 33 78 22 98 18 62 70 42 41 14 20 24 44 17 23 37 78 56 53 14 88 16 87 49 90 78 99 15 85 98 67 80 71 71 69 8 80 25 57 24 81 99 8 100 93 86 81 73 50 40 100 43 73 22 61 61 36 
30 73 79 97 76 100 60 56 83 81 42 17 53 34 66 8 59 10 58 62 73 34 33 2 68 59 3 29 94 3 34 30 98 1 4 32 20 59 15 7 34 44 99 11 34 97 24 71 20 92 31 2 81 71 38 1 76 34 100 79 64 50 98 54 11 89 60 17 52 84 24 42 94 58 45 35 22 47 66 17 57 64 29 79 65 53 44 1 100 79 61 55 66 20 67 69 
57 18 89 100 24 14 13 80 5 97 62 45 74 29 42 73 40 89 51 12 9 33 16 88 16 28 49 76 91 53 92 3 60 39 3 25 78 62 59 46 21 73 67 24 75 14 13 30 53 43 5 84 85 24 34 94 50 85 22 89 22 98 60 79 90 73 97 68 24 76 83 61 63 70 39 2 39 7 53 79 4 78 67 83 89 42 54 23 8 84 68 34 77 43 92 83 
9 18 46 19 96 84 45 14 64 77 92 51 68 72 53 75 33 27 34 26 33 1 19 10 96 62 73 47 49 31 3 20 63 58 25 3 9 11 45 38 85 78 54 40 91 35 69 97 98 82 45 80 81 60 74 32 16 72 34 41 2 46 55 84 2 96 3 53 46 60 68 87 7 49 89 91 90 10 10 51 25 26 89 19 84 52 14 32 53 19 55 45 1 75 10 89 
62 14 4 49 50 36 83 27 46 12 24 47 76 93 4 30 18 39 66 83 48 73 95 22 37 99 85 75 68 25 43 33 81 81 19 61 16 21 67 93 99 88 68 36 68 43 19 93 13 43 34 25 59 8 83 45 9 88 96 36 29 56 78 82 64 78 8 28 96 44 12 76 26 4 31 25 81 72 24 97 36 94 53 1 26 57 50 84 52 68 33 8 22 90 94 92 
3 99 94 34 48 8 63 73 71 98 49 3 42 54 30 16 94 41 63 26 27 38 46 33 77 20 69 84 97 32 95 19 83 96 32 64 32 57 8 69 2 38 10 66 65 10 12 88 54 55 56 19 39 87 31 60 93 22 68 30 17 3 84 55 11 95 43 70 73 52 87 15 26 25 64 42 40 60 77 92 48 10 61 31 19 79 67 22 42 63 21 74 6 66 97 10 
17 45 17 45 51 53 49 34 98 23 19 39 63 89 49 82 42 48 79 88 20 61 62 36 11 16 47 74 2 29 43 65 46 59 45 94 93 80 41 17 58 55 99 13 79 80 76 63 99 2 74 56 68 58 11 68 68 40 92 92 55 85 12 69 14 27 63 37 10 80 34 70 45 53 75 20 51 20 41 10 4 47 92 48 88 1 9 77 84 68 71 96 74 15 63 25 
97 43 2 35 76 11 43 85 75 39 78 42 15 50 7 86 48 20 16 38 24 60 89 65 1 85 86 7 17 71 54 37 94 8 97 80 69 17 76 25 41 66 45 77 23 23 74 19 15 68 7 99 87 26 24 50 13 5 4 15 94 15 97 59 42 48 91 39 54 15 36 8 30 34 19 35 83 8 91 83 4 63 53 66 34 91 94 46 72 53 76 20 92 43 16 68 
66 52 99 43 58 35 63 15 30 66 84 33 61 87 94 5 5 90 18 24 16 2 25 30 91 37 31 89 89 95 25 19 57 77 20 82 3 24 49 70 22 32 68 61 24 1 73 64 77 80 78 50 90 29 17 75 11 23 34 10 41 59 54 55 72 52 39 94 99 60 86 98 81 3 61 97 95 13 63 25 9 24 26 42 36 9 35 53 52 31 13 55 86 75 9 92 
9 58 57 88 57 69 57 37 72 54 70 18 8 62 86 24 84 79 91 25 10 94 91 85 23 19 42 97 9 45 68 17 96 49 84 40 61 100 51 18 3 20 41 10 97 38 51 88 30 88 19 98 50 68 42 79 84 6 78 65 41 11 34 39 4 84 30 43 44 29 88 44 47 56 84 79 57 99 63 69 86 89 70 91 80 38 6 3 51 6 16 63 53 28 11 19 
20 15 49 100 83 42 58 87 55 56 19 88 63 90 31 69 66 47 83 69 48 58 76 59 60 88 90 96 88 53 75 100 78 55 37 28 6 63 3 24 29 24 48 69 28 10 21 18 56 52 69 72 4 83 73 35 44 11 57 43 2 9 97 99 35 18 70 85 18 31 83 62 30 37 10 62 57 71 13 31 74 15 98 7 92 53 10 12 38 95 4 56 66 22 14 5 
13 69 9 4 47 69 56 20 15 8 22 100 1 18 44 52 52 58 40 52 70 1 78 15 89 61 25 88 72 69 21 53 29 25 84 6 9 31 37 22 98 97 26 16 59 52 67 96 13 7 52 31 17 4 22 88 46 12 10 61 93 59 33 12 4 50 41 36 73 42 86 56 7 6 91 82 3 1 51 51 18 52 56 40 43 45 66 31 18 79 9 6 98 94 10 9 
20 1 13 58 71 39 15 26 15 94 56 30 34 100 34 95 4 27 83 81 54 34 54 24 55 61 56 60 95 61 75 80 75 86 83 70 73 29 31 15 70 25 36 88 32 33 81 14 99 61 22 28 15 29 26 68 57 23 100 17 42 63 97 64 54 79 99 47 71 7 50 14 54 92 6 92 85 3 12 33 28 76 17 32 37 36 44 68 64 90 65 45 78 55 94 70 
59 20 51 24 18 91 77 81 6 91 95 6 92 37 73 85 68 41 57 72 86 87 71 29 84 58 81 55 17 17 64 62 18 26 19 97 38 60 45 21 29 94 13 23 98 39 56 24 89 45 87 83 80 29 54 66 11 28 96 55 56 23 65 76 83 80 67 88 22 54 3 67 2 29 39 10 50 55 37 31 46 15 55 70 97 79 90 29 91 76 81 14 38 88 42 61 
39 52 14 49 83 14 42 33 86 85 29 100 22 12 81 38 50 66 89 17 56 47 91 42 44 60 86 29 72 77 8 56 93 87 42 88 28 16 78 100 24 7 63 69 73 3 65 78 73 31 95 100 91 65 5 78 70 8 42 62 62 16 17 90 64 52 55 89 30 12 3 53 36 52 12 61 1 97 25 74 47 27 47 17 67 63 31 83 78 37 30 1 62 43 34 59 
92 38 19 76 21 17 80 50 57 57 34 41 100 43 1 22 16 62 74 2 97 62 45 13 39 11 85 64 26 57 30 72 100 34 3 24 35 92 55 60 62 78 86 44 30 74 42 87 54 81 56 30 12 35 71 55 41 70 24 73 33 13 15 35 98 78 16 66 98 74 11 41 76 97 50 56 6 97 69 42 42 18 71 32 63 97 35 40 79 11 60 33 56 63 82 46 
35 75 43 36 62 7 78 30 67 48 98 55 92 8 83 39 24 19 22 26 57 23 16 68 37 30 99 33 57 89 29 17 65 92 67 74 8 81 85 99 45 73 89 20 85 79 48 34 94 78 92 24 93 29 90 87 50 93 45 25 41 3 62 63 51 50 96 37 34 96 21 27 17 65 97 68 66 8 54 14 36 15 59 42 2 35 70 83 67 47 71 71 41 57 18 98 
90 2 80 87 84 90 2 16 7 90 95 82 25 41 4 12 69 65 56 26 94 36 81 11 40 92 64 58 85 54 65 21 74 99 5 79 47 19 28 24 58 64 80 86 72 23 62 17 97 60 95 47 81 13 36 49 46 59 85 71 99 78 43 17 3 34 76 77 50 85 2 9 28 26 30 84 81 26 54 90 67 19 47 16 39 82 89 82 39 71 54 25 35 41 82 100 
73 86 41 23 37 39 26 90 69 12 23 59 87 73 75 32 5 51 11 22 90 63 30 33 31 84 69 46 77 9 40 97 63 50 13 52 87 44 97 63 83 86 95 61 68 66 50 3 36 18 61 65 62 42 91 13 50 79 12 67 6 58 5 57 65 5 43 78 74 40 25 100 8 9 32 35 72 78 67 100 98 56 17 63 30 62 94 20 45 29 58 31 51 74 69 51 
62 51 41 85 85 52 96 60 33 81 14 75 39 8 24 10 64 22 95 19 75 3 73 1 48 84 43 72 42 100 91 91 12 42 25 22 36 17 38 44 69 82 6 32 4 72 34 4 7 19 78 16 34 15 68 17 38 99 78 81 70 72 47 28 25 88 82 10 81 14 24 85 27 69 44 90 100 40 12 38 97 76 91 73 43 99 64 89 55 3 84 63 33 77 91 1 
17 84 45 69 99 38 60 40 66 89 61 38 50 45 90 62 9 29 7 43 26 85 52 1 76 18 10 43 50 5 18 5 92 38 76 29 49 59 75 70 42 71 18 70 92 6 57 32 17 55 79 54 41 87 42 47 20 57 47 64 73 29 18 10 64 97 37 67 15 96 66 4 87 17 77 41 75 20 48 72 97 45 75 43 28 51 68 50 18 25 28 37 88 45 78 60 
92 78 67 43 93 77 65 77 73 31 91 1 50 71 86 72 98 58 57 47 84 46 92 45 20 85 18 34 59 99 12 64 17 12 37 85 58 17 62 33 98 13 6 90 92 59 81 34 55 45 77 44 70 8 96 4 31 78 25 71 10 59 12 79 24 98 93 9 17 86 84 77 11 91 15 49 80 100 25 80 30 12 42 73 15 65 92 11 97 54 55 24 39 51 66 93 
6 31 36 17 86 14 85 22 20 77 51 84 11 46 23 70 97 37 65 80 94 83 66 52 44 5 10 74 28 20 52 56 35 94 53 12 82 2 41 6 74 81 48 97 63 42 54 50 4 32 41 43 86 71 58 57 83 45 19 100 37 86 69 29 8 56 3 16 15 42 24 58 61 2 11 81 91 54 48 41 48 66 9 72 61 40 13 95 73 77 5 22 94 1 8 78 
39 90 90 56 30 8 36 19 23 99 8 61 98 87 92 87 43 55 26 50 38 73 59 1 77 13 75 53 11 81 17 34 78 29 14 12 50 18 64 14 55 51 47 68 32 51 82 93 39 73 54 40 21 57 25 79 7 34 29 46 34 54 32 89 85 99 28 66 90 14 59 99 91 64 35 58 5 85 23 69 74 97 56 94 23 65 34 66 55 69 42 76 99 68 5 19 
31 89 99 84 33 71 6 22 61 83 93 83 29 72 13 88 89 47 13 16 31 30 67 94 55 53 81 69 18 91 72 3 14 13 63 35 39 64 71 55 32 56 89 68 83 67 88 29 36 51 54 68 20 40 72 29 80 47 66 8 51 49 55 6 83 38 50 35 72 21 3 41 44 92 21 2 43 13 72 88 9 85 28 65 93 61 43 16 45 31 86 2 99 86 61 4 
50 43 50 61 37 84 66 18 100 71 14 10 29 50 82 67 32 1 86 86 9 61 38 47 67 74 94 29 5 62 59 13 10 41 98 35 76 67 88 66 49 49 75 10 65 78 59 28 27 58 11 34 14 35 81 97 93 42 19 73 19 8 28 54 32 26 41 92 99 55 28 79 94 56 49 91 30 67 52 66 26 51 27 15 84 55 25 50 33 71 94 80 58 26 74 43 
79 78 55 18 87 68 17 4 6 14 61 5 42 47 37 61 96 67 81 99 25 46 35 92 65 14 64 69 86 95 64 94 82 38 84 87 90 51 25 27 35 19 22 11 9 33 2 44 91 34 68 89 12 17 14 27 8 31 27 47 20 26 94 88 82 19 32 94 51 42 79 19 97 12 13 27 73 40 76 55 64 66 41 100 94 20 79 22 26 53 87 90 57 33 57 34 
61 22 57 75 88 100 81 87 82 47 44 56 98 67 56 61 85 98 35 94 51 69 37 11 72 49 96 16 49 32 36 54 70 13 51 64 73 83 78 76 17 9 49 28 25 95 95 14 18 12 20 25 12 71 82 48 23 60 10 7 1 32 14 48 20 6 27 50 72 63 57 62 68 33 70 83 11 12 86 49 3 30 67 65 93 44 28 60 4 22 49 6 12 29 21 26 
39 64 57 3 73 86 14 87 97 48 96 44 97 28 65 38 3 44 52 39 92 84 26 83 63 40 54 22 32 5 12 83 55 86 99 39 56 28 5 65 59 3 56 30 75 48 46 68 30 14 20 12 6 85 73 98 61 51 38 95 23 12 72 22 43 72 20 44 16 19 33 8 7 53 17 68 97 98 74 55 11 34 87 30 39 54 77 54 29 41 31 92 59 92 48 10 
97 46 96 46 32 57 46 2 45 81 7 37 67 92 93 54 62 31 16 44 65 2 97 27 75 53 34 70 41 59 59 95 26 38 49 77 44 51 13 30 53 78 45 69 4 53 81 78 41 79 7 5 84 33 93 79 17 8 88 20 46 46 60 72 71 83 60 19 37 91 1 62 41 51 46 28 65 83 88 46 70 80 24 69 67 82 87 70 60 24 39 17 53 87 35 3 
48 61 37 87 100 99 75 18 48 73 87 93 82 41 22 4 25 99 92 74 9 45 40 1 91 66 4 52 88 45 38 5 44 84 84 31 74 51 5 49 97 32 71 94 7 82 79 91 51 23 97 60 99 85 82 3 71 54 58 3 70 4 10 94 12 24 51 88 45 97 24 14 37 13 10 79 86 60 73 90 96 39 46 19 25 8 68 31 95 89 85 74 67 92 43 51 
10 87 15 79 36 52 99 5 43 99 94 7 2 96 18 12 82 54 13 5 56 12 81 23 23 52 35 17 59 95 22 76 87 6 99 18 5 10 54 23 54 52 58 44 27 62 82 60 88 49 87 83 19 50 72 51 14 31 79 6 79 31 6 79 16 35 76 80 35 4 52 22 24 95 45 1 4 98 46 11 88 7 62 37 10 76 54 6 83 79 64 90 24 66 39 23 
68 65 33 25 83 16 42 80 94 28 26 41 89 2 97 40 70 63 90 28 60 40 87 47 61 27 12 44 97 20 100 78 89 7 26 85 9 15 87 25 98 35 23 42 44 12 5 63 90 65 29 43 37 38 44 68 79 80 12 55 79 10 41 32 67 76 83 15 42 33 68 66 77 35 13 71 38 76 98 40 5 88 74 93 91 67 49 3 21 1 45 88 68 4 56 42 
54 26 26 22 10 18 13 99 9 46 60 54 45 52 78 61 42 74 70 28 93 26 33 66 37 38 91 22 84 48 9 52 55 89 48 68 87 18 26 48 64 81 15 85 46 4 64 90 53 13 79 44 45 58 99 49 4 30 28 60 43 66 23 54 99 31 52 80 25 58 22 40 56 11 96 17 29 67 82 90 57 23 72 65 45 50 66 13 44 3 86 12 83 66 54 94 
29 34 1 87 50 22 93 75 69 85 10 28 20 76 2 50 19 56 5 53 13 91 34 99 19 1 55 51 77 23 20 5 32 58 9 72 72 73 20 85 19 99 43 64 84 71 50 71 59 41 64 43 13 24 41 67 53 71 55 33 27 21 61 9 43 79 97 37 96 20 44 23 62 77 88 96 56 60 68 82 38 79 99 17 66 43 41 52 11 18 58 58 53 84 88 55 
92 71 76 42 65 45 40 54 38 19 22 49 75 3 51 80 1 5 97 50 41 95 80 31 19 4 100 87 88 20 11 82 91 78 100 94 66 12 91 16 68 51 57 5 62 37 61 7 17 38 18 1 43 7 82 36 35 25 41 87 67 26 32 5 1 96 46 66 9 32 26 19 88 42 21 83 41 97 66 12 20 52 50 44 68 100 77 35 90 21 80 93 69 96 69 52 
25 78 69 77 86 5 17 94 21 7 87 94 46 22 11 2 21 41 52 25 69 22 41 88 28 95 73 44 38 99 92 70 27 45 28 29 57 4 85 71 8 23 24 20 31 93 35 72 73 56 66 97 72 90 81 34 100 34 40 28 80 87 46 32 46 53 49 74 72 19 38 57 65 11 75 73 33 47 20 75 13 76 88 17 13 20 75 72 83 65 12 38 8 100 67 91 
85 39 90 50 78 16 63 98 4 81 36 95 46 37 26 18 11 9 85 16 44 49 93 47 90 74 41 7 59 43 7 12 94 26 29 6 13 26 76 20 77 23 65 63 50 23 40 37 12 32 8 98 71 44 95 43 72 44 77 5 52 65 15 43 15 28 28 28 47 76 46 60 96 4 17 53 9 26 3 10 93 65 68 78 23 71 82 51 94 6 93 65 43 64 70 80 
36 69 53 80 21 38 69 35 10 1 59 85 71 5 83 9 64 79 57 5 89 87 80 13 20 69 52 77 47 95 3 71 15 2 45 23 72 15 71 84 40 34 51 79 71 98 35 64 94 31 6 50 36 80 86 67 98 74 19 62 1 39 76 85 33 4 86 86 5 62 97 28 39 24 33 11 40 25 50 65 3 23 19 100 21 68 70 15 14 50 87 47 90 88 21 57 
32 35 48 98 8 5 84 83 61 64 36 89 83 44 47 47 60 23 40 59 2 3 97 84 80 52 39 71 78 93 57 77 47 80 11 65 31 61 46 17 24 53 100 40 37 56 61 63 64 32 3 99 19 17 29 76 87 44 83 53 90 52 71 62 61 5 36 63 95 38 34 29 10 49 18 67 12 53 46 4 23 62 20 53 49 58 59 21 20 94 95 8 100 78 43 59 
36 6 54 44 83 78 34 26 41 9 18 17 87 29 63 13 13 46 52 68 4 92 81 90 45 40 62 3 79 56 37 3 39 14 38 15 25 52 30 44 50 80 74 67 24 48 1 59 64 2 88 21 34 27 22 8 77 49 83 46 74 84 25 23 61 21 64 83 23 93 72 11 45 72 39 80 3 88 56 93 25 45 67 12 7 72 85 49 83 90 8 32 45 8 87 52 
88 44 85 23 40 62 58 38 31 53 22 14 64 21 44 34 33 34 10 3 19 49 20 8 45 63 88 41 42 55 91 91 71 63 54 90 19 78 11 27 14 46 89 82 13 66 13 59 80 97 73 9 61 19 13 91 79 42 34 65 23 71 62 4 26 67 31 82 40 17 45 92 36 69 54 34 36 38 13 13 11 86 6 80 5 72 42 83 51 23 51 54 22 52 65 42 
54 85 70 82 73 78 80 54 46 19 74 95 11 6 62 82 45 48 7 3 77 15 68 78 56 92 83 47 34 44 72 78 81 13 32 45 61 48 5 93 86 1 24 86 53 77 59 95 82 11 12 82 84 44 55 8 31 73 89 29 6 60 26 79 69 25 63 55 63 16 46 49 3 22 85 78 48 91 100 56 80 32 21 11 56 41 97 73 78 92 34 10 43 52 21 84 
68 70 90 39 62 63 58 20 99 57 60 84 99 39 44 73 46 6 78 64 93 25 53 7 33 5 5 46 51 89 2 27 40 46 49 99 86 73 52 76 67 3 83 8 89 38 100 31 48 76 36 95 10 16 61 67 25 69 56 9 56 73 3 60 18 55 77 54 64 9 67 13 51 83 40 65 77 52 67 53 22 50 68 74 55 1 31 45 85 33 24 74 42 71 85 51 
87 74 92 24 41 90 62 19 10 88 31 37 52 59 19 42 55 68 80 36 90 73 13 18 57 5 19 27 44 42 74 64 18 99 86 72 61 11 100 99 87 22 27 49 69 98 74 48 79 84 51 69 13 13 63 91 64 43 66 4 34 27 15 11 60 25 14 61 96 10 69 57 26 87 64 16 39 74 92 55 87 62 49 49 74 13 78 27 32 27 19 50 80 68 53 95 
26 83 51 81 14 25 85 12 46 40 47 66 56 82 61 68 21 37 87 98 43 43 28 97 95 21 18 29 68 89 63 12 12 47 79 95 5 59 44 46 27 65 37 49 100 83 72 94 15 73 75 13 63 21 91 26 70 37 65 19 80 95 55 16 1 72 90 15 96 82 77 23 60 24 25 97 90 23 8 90 100 79 92 35 81 28 11 38 68 96 15 82 83 98 85 19 
93 35 32 26 55 30 10 68 25 3 66 40 24 44 90 88 97 71 77 38 70 79 13 84 91 33 11 77 31 39 81 34 34 46 2 41 19 2 49 83 69 92 93 61 76 85 8 1 60 87 8 2 34 91 17 7 40 57 73 89 87 33 38 10 69 83 69 64 92 85 60 8 74 35 4 8 2 21 72 49 40 83 43 58 43 56 5 74 34 74 16 53 32 44 45 15 
96 52 42 39 21 84 71 17 22 41 56 38 98 1 83 3 55 15 59 63 73 43 35 92 45 74 97 57 94 43 25 81 77 28 72 48 76 39 95 57 37 47 54 91 52 53 11 24 56 16 80 32 23 9 51 42 69 85 39 37 62 96 56 93 26 81 89 13 80 45 56 78 85 9 93 66 45 34 100 54 82 10 77 5 45 42 36 3 56 70 10 61 81 13 46 23 
73 21 32 83 66 86 14 46 67 37 28 75 50 20 26 83 19 86 34 6 65 74 32 53 65 84 37 60 3 35 31 29 28 1 46 14 59 76 62 10 18 97 68 95 6 2 57 17 58 20 9 17 36 92 9 39 59 83 60 36 83 94 30 54 37 62 62 77 46 33 53 90 92 85 54 45 86 96 7 20 3 14 43 38 29 75 45 18 29 62 41 98 25 45 61 12 
63 13 6 65 5 53 1 24 60 90 13 92 3 11 4 14 35 80 18 41 85 1 71 36 95 8 58 50 3 5 36 21 29 91 23 1 88 42 79 76 4 10 31 40 39 59 98 76 70 76 28 97 28 1 58 17 97 29 97 43 49 79 44 71 58 86 30 39 74 99 83 80 13 59 50 87 53 97 31 61 33 87 91 21 62 48 92 22 71 80 24 89 57 78 21 31 
53 52 15 80 83 62 19 53 82 54 90 79 64 69 91 21 67 37 89 67 62 46 10 93 41 2 77 81 21 40 22 88 35 32 53 36 8 58 81 68 43 9 77 4 35 42 36 64 56 2 3 99 11 22 68 24 1 86 12 73 26 80 13 94 6 99 61 30 53 2 31 39 7 2 70 90 39 65 23 43 13 68 34 97 46 9 5 56 72 71 21 35 13 43 48 38 
36 90 74 85 93 98 49 23 74 69 47 51 25 63 74 42 50 65 67 70 5 49 48 76 70 61 98 92 97 67 96 90 56 58 42 68 14 8 25 21 61 24 31 76 77 41 48 99 7 80 94 63 9 41 19 20 23 96 68 68 19 37 64 81 4 43 70 52 94 29 17 17 42 23 41 4 96 98 1 28 19 18 10 79 31 6 37 26 90 74 23 85 15 50 29 11 
25 54 64 15 50 34 45 93 86 94 66 25 38 92 82 55 33 22 17 52 62 76 21 86 15 16 9 17 42 80 24 56 96 19 91 14 6 5 78 15 29 69 12 60 87 45 70 61 16 61 8 27 5 88 92 81 47 80 60 4 65 31 11 42 54 54 43 97 16 5 53 95 6 10 79 95 7 24 9 68 42 82 61 3 33 78 91 59 2 51 19 43 26 99 82 7 
95 96 52 54 74 85 93 57 52 38 74 29 58 60 1 24 33 54 83 47 90 80 84 16 6 36 23 92 65 12 65 75 29 44 84 88 78 26 6 29 79 2 37 10 27 65 8 71 22 61 8 97 74 98 27 45 50 84 73 7 52 90 47 25 74 10 24 88 63 100 77 43 33 15 95 87 54 91 88 79 50 36 3 29 52 80 21 99 25 30 89 57 98 21 52 2 
2 82 12 32 70 70 97 77 4 56 59 10 15 22 33 56 72 3 86 35 71 92 4 87 72 48 30 79 71 54 57 48 44 87 18 1 12 50 76 62 48 71 98 3 82 98 51 75 94 87 59 61 73 97 39 20 87 69 67 16 27 74 42 95 57 87 71 1 65 40 79 21 29 44 76 65 83 81 93 67 42 37 56 38 65 18 48 22 52 15 2 57 1 39 14 92 
34 11 90 13 12 51 68 46 2 91 4 89 56 32 12 81 80 88 62 48 9 9 69 94 32 86 47 56 97 32 3 29 58 88 56 22 41 89 10 12 54 15 41 15 83 41 68 3 58 89 37 74 43 99 16 81 30 38 53 97 15 66 19 98 60 25 72 55 55 23 100 79 99 70 20 81 77 95 9 41 19 67 42 3 41 31 2 38 13 16 67 63 95 73 27 48 
97 31 11 62 87 4 22 81 90 19 3 43 12 86 13 93 60 55 97 49 8 81 9 45 25 92 47 53 30 31 80 65 11 83 91 39 54 37 1 37 9 43 99 80 4 45 10 92 78 48 91 29 34 4 97 44 36 64 74 79 53 67 15 25 8 52 79 88 94 17 26 65 64 92 96 41 7 67 100 84 23 23 29 62 69 85 20 48 83 84 65 44 45 51 3 21 
79 84 20 7 88 56 55 10 67 9 82 86 37 55 40 2 32 82 47 75 69 57 50 53 19 25 21 29 67 76 55 33 16 43 75 46 87 41 77 94 74 38 75 48 41 71 100 20 67 26 93 14 55 26 40 23 61 18 86 37 40 41 46 19 54 50 97 9 91 3 52 79 100 29 13 50 97 28 78 31 7 45 7 96 62 71 95 38 58 98 53 94 72 27 79 62 
95 15 32 21 9 91 59 27 39 92 77 40 76 45 78 56 96 75 31 48 31 95 95 7 100 40 80 9 90 38 67 38 58 47 98 97 16 35 45 99 52 45 1 44 97 49 66 38 93 80 46 30 37 73 42 48 65 62 49 96 3 36 2 92 86 7 96 75 98 95 40 29 13 44 65 57 100 79 86 18 42 69 12 79 93 40 18 41 31 82 82 77 73 68 13 3 
2 90 20 58 31 46 9 29 64 99 34 22 1 29 58 65 47 2 30 89 45 29 67 96 16 24 69 9 50 13 21 87 89 94 74 79 99 91 84 34 6 30 89 99 25 10 12 19 56 35 36 57 21 98 6 51 70 3 61 7 22 69 67 65 57 31 63 82 6 55 67 40 2 45 60 40 85 35 86 42 75 39 59 69 25 58 100 31 9 58 60 19 32 13 25 67 
49 35 10 74 98 3 71 23 79 32 61 77 3 74 50 77 18 12 86 27 89 18 99 72 72 89 93 7 84 56 86 20 43 70 88 57 75 100 60 23 3 72 100 80 1 76 55 89 52 30 10 44 16 39 7 48 79 14 59 78 99 4 4 78 49 6 48 44 67 57 15 75 28 85 49 46 19 69 30 4 12 46 13 67 99 68 32 80 65 28 7 67 36 23 63 58 
81 92 23 26 3 43 51 93 50 3 8 22 73 54 25 11 1 92 44 81 23 51 9 77 42 62 3 64 58 69 52 26 24 39 20 66 100 95 92 31 77 10 76 10 59 77 80 51 74 68 43 37 96 38 10 89 32 51 97 83 52 75 51 45 61 15 66 71 68 8 17 61 54 60 32 15 13 39 72 92 31 6 44 90 15 95 46 84 49 86 74 20 44 82 33 58 
54 60 81 42 67 7 71 41 30 60 15 35 58 21 70 15 90 17 58 66 25 39 57 28 25 10 57 75 18 2 76 82 61 8 96 7 72 54 92 20 84 44 59 49 14 13 17 84 41 30 11 51 17 19 79 46 54 58 3 42 95 33 2 55 58 17 90 3 71 75 67 13 39 2 89 35 2 69 96 89 48 84 4 79 38 19 38 78 79 79 99 21 65 62 21 94 
31 37 4 17 9 18 76 53 67 87 80 22 8 27 47 69 41 75 17 64 75 85 40 71 32 63 97 2 63 30 20 83 6 59 60 7 33 22 46 68 11 80 24 31 91 17 8 93 85 24 95 2 57 28 90 29 31 13 62 87 75 32 32 39 57 31 98 56 95 21 58 4 2 34 10 57 51 61 18 92 38 21 32 26 27 61 100 86 18 63 39 97 4 25 4 50 
100 80 48 92 58 37 79 97 92 6 7 15 74 2 29 59 46 29 77 34 32 82 31 77 43 7 49 71 56 29 31 88 65 18 40 61 93 5 88 33 96 62 55 100 32 23 24 13 37 17 45 30 52 90 61 5 1 39 11 3 60 4 2 97 28 74 35 56 8 97 91 40 53 74 91 11 61 15 21 40 72 80 80 81 75 37 83 18 3 25 81 54 15 91 44 37 
97 9 29 16 2 36 97 39 49 29 67 63 94 100 51 93 12 46 74 45 25 88 28 28 6 93 5 64 74 91 74 27 95 60 59 18 62 13 38 79 39 59 67 25 73 22 66 12 95 98 90 5 23 51 39 51 3 44 68 75 99 94 61 94 24 80 25 29 5 6 30 84 92 95 98 48 46 69 23 67 60 28 72 23 91 56 73 63 64 92 5 9 45 98 76 68 
49 99 90 16 70 46 5 20 80 86 76 49 48 26 61 98 62 81 28 75 73 28 19 78 74 98 16 82 91 65 45 56 43 73 70 34 52 84 46 58 69 27 45 22 94 9 59 18 86 47 74 52 78 65 9 62 74 95 33 80 76 41 100 95 40 72 26 80 12 28 2 61 82 89 58 4 37 34 57 57 95 10 48 49 89 42 82 19 56 74 13 32 67 69 100 95 
73 43 96 81 21 41 10 39 96 5 46 31 53 100 4 45 37 65 64 63 59 68 38 82 7 64 5 7 4 46 45 61 72 87 27 49 43 28 89 88 16 78 79 88 21 22 39 72 27 5 14 34 50 66 11 37 32 1 35 69 14 45 96 16 84 41 84 69 76 41 38 76 52 42 81 74 86 4 16 39 77 65 56 3 42 27 79 23 36 77 76 74 97 38 62 58 
16 13 77 40 63 2 49 4 54 46 13 52 17 84 21 88 60 67 19 31 58 28 10 23 2 46 85 11 81 68 41 29 90 73 52 94 46 86 9 63 65 29 94 49 64 39 38 61 34 41 57 58 50 46 76 28 27 66 96 83 78 46 71 12 5 1 88 65 19 22 16 93 62 99 98 34 95 90 80 92 25 68 90 24 39 56 26 97 55 28 63 23 19 90 20 28 
65 20 40 7 69 75 76 93 96 49 8 2 54 13 24 93 70 2 94 80 50 26 68 49 11 21 46 29 75 26 20 47 65 62 84 75 93 26 72 82 29 45 8 100 86 85 43 20 70 24 1 92 16 5 14 26 81 40 32 81 16 34 12 86 49 58 73 86 60 82 8 31 12 52 5 18 49 51 16 44 15 62 93 78 34 97 82 9 64 85 11 5 33 15 15 52 
100 30 79 51 98 37 50 43 24 35 30 70 18 27 30 58 30 79 100 99 6 35 31 65 47 51 46 97 42 25 88 45 9 3 57 77 27 85 32 34 96 70 23 90 41 75 86 24 21 48 89 44 96 56 14 33 61 64 55 89 47 49 66 69 81 19 42 82 68 36 70 85 54 74 26 48 95 25 23 52 58 81 39 55 72 80 29 99 27 12 70 56 16 40 48 12 
84 55 78 66 3 4 88 98 49 18 4 15 28 35 70 40 37 16 36 78 49 32 8 37 9 17 59 38 66 74 33 23 100 51 64 36 50 70 9 90 49 73 55 10 79 48 27 63 12 21 8 62 14 46 82 8 94 58 85 99 86 35 39 93 68 61 37 77 26 93 72 81 22 84 24 3 36 78 2 8 59 72 37 69 25 77 89 64 6 54 18 2 38 83 54 14 
13 65 58 13 9 17 55 43 32 62 23 65 1 72 38 22 88 90 69 100 68 89 9 13 95 19 84 68 9 60 11 84 44 64 11 51 94 23 59 42 90 93 19 64 15 61 23 62 10 9 47 62 85 46 22 41 1 90 92 96 31 58 27 16 13 14 22 6 59 93 85 68 71 94 33 83 27 74 11 7 38 29 40 17 38 68 69 71 44 85 7 84 59 47 2 93 
98 96 13 14 26 84 92 24 86 94 84 76 13 4 86 60 18 90 25 76 51 8 32 25 7 55 66 63 98 69 32 36 83 89 17 66 86 18 76 15 70 98 5 33 47 64 66 3 39 24 17 76 6 41 93 86 15 51 61 34 2 9 5 16 63 81 31 64 91 35 62 64 63 54 13 68 72 22 7 56 93 34 81 27 77 38 18 83 91 55 16 85 10 41 52 12 
13 80 11 48 95 33 52 43 83 77 7 24 1 91 3 20 70 74 22 21 44 83 76 86 45 3 97 82 41 19 81 36 16 36 15 18 45 75 60 65 9 13 50 76 82 83 94 55 79 35 63 35 4 10 68 77 65 96 86 31 33 85 70 54 98 25 29 62 12 92 85 54 37 94 59 49 3 91 21 42 62 65 45 68 41 70 53 37 92 55 5 84 61 33 38 83 
1 53 37 11 3 25 11 16 11 5 58 17 67 38 10 79 42 80 82 33 89 91 95 95 54 48 46 42 33 40 9 74 59 83 67 79 88 8 37 79 11 21 56 76 1 92 43 73 88 34 57 60 42 80 59 11 37 64 96 41 14 19 21 57 84 80 92 30 37 95 37 55 35 16 40 78 9 76 18 84 76 13 17 99 44 91 20 62 56 54 10 81 72 29 84 20 
95 56 11 63 52 58 25 18 21 42 80 24 14 62 79 74 6 79 83 69 9 1 75 54 55 24 88 45 33 30 87 18 18 11 21 74 47 6 33 59 75 5 38 77 50 97 48 46 35 59 12 57 44 65 74 69 15 63 90 45 21 92 50 15 36 59 49 50 37 92 58 68 12 46 16 95 82 8 34 4 61 11 92 31 86 99 27 99 92 43 89 68 60 13 26 14 
