90
69
74
1
86
61
45
36
48
89
28
73
74
94
8
25
74
21
31
21
47
8
31
6
19
63
43
87
53
28
86
53
80
8
80
60
53
56
28
86
60
43
75
36
46
96
44
62
85
37
60
99
29
30
13
88
21
48
84
51
76
50
99
5
88
8
83
51
39
82
30
67
12
10
100
95
11
71
56
69
89
65
23
28
3
64
4
5
6
56
27
34
25
97
5
91
19
38
10
88
63
54
94
83
1
1
9
91
23
15
83
96
54
67
5
63
49
8
15
91
34
73
11
55
92
30
54
33
31
68
80
98
22
67
90
93
8
49
5
42
21
49
96
82
33
22
71
13
19
7
80
16
55
4
97
85
53
98
7
16
14
3
26
69
28
55
16
56
78
66
89
4
24
5
37
9
8
84
49
9
9
85
6
10
39
29
13
10
34
6
37
8
10
16
87
2
16
19
82
35
35
17
3
54
62
84
87
49
63
43
84
29
13
47
2
71
4
27
95
97
86
99
10
40
90
68
16
97
67
45
54
14
76
71
16
6
32
62
40
43
43
31
2
31
85
42
48
78
100
2
46
78
55
85
16
35
64
59
17
62
13
4
49
54
87
2
55
83
93
44
35
81
84
44
14
49
24
16
7
48
93
98
29
44
33
12
3
73
2
24
61
5
80
41
37
71
87
39
26
66
86
72
96
71
8
23
33
95
47
75
77
60
12
34
6
62
44
95
68
34
77
43
35
18
27
85
8
79
10
24
89
21
59
13
100
43
7
100
40
61
32
75
39
78
73
97
50
56
64
49
5
86
76
5
77
71
71
7
99
2
97
31
40
86
75
70
88
93
72
41
28
44
79
93
95
30
33
58
31
65
72
8
60
56
46
26
98
12
4
10
59
23
75
20
81
37
89
41
44
98
95
76
96
53
1
11
93
35
93
89
53
28
71
63
87
77
47
71
40
24
58
36
59
79
27
87
22
68
45
27
44
93
67
20
12
27
83
67
17
70
73
14
98
68
5
46
69
49
79
95
78
59
14
73
70
32
79
20
94
52
97
18
31
78
92
73
13
10
68
39
67
32
7
86
25
19
35
32
10
61
8
11
55
50
12
2
8
29
85
40
82
48
6
81
9
68
1
95
55
61
60
17
47
88
7
64
93
78
100
99
11
56
73
66
27
83
77
84
70
61
27
94
52
29
76
88
88
17
71
11
74
79
94
29
44
20
7
27
8
89
85
87
17
34
29
31
70
60
14
92
22
23
44
11
2
19
54
57
14
59
24
67
95
54
43
100
75
89
43
82
33
57
77
100
78
54
87
91
49
29
50
53
10
99
78
44
97
56
48
98
32
81
96
60
3
5
95
91
28
43
54
87
28
36
61
17
7
65
74
89
34
82
12
65
46
10
56
95
61
53
58
78
3
21
8
66
69
38
73
94
63
95
47
70
69
45
11
35
74
68
35
48
19
8
40
37
90
98
6
17
42
69
4
48
15
73
82
2
25
12
15
58
33
82
25
78
40
51
58
8
9
57
27
82
59
3
57
37
28
94
15
70
22
98
57
41
67
68
48
92
67
62
56
94
5
2
80
3
50
63
57
97
71
78
39
21
61
58
85
4
60
65
62
58
73
2
72
44
71
26
21
72
11
5
43
6
36
24
1
34
41
24
13
64
30
50
26
35
90
94
59
24
20
53
17
39
5
39
19
40
80
13
48
81
95
94
91
7
35
71
73
48
82
93
2
17
66
92
53
75
47
54
36
28
43
30
83
11
95
93
65
22
74
88
57
16
17
52
66
83
73
22
36
20
99
7
12
62
88
28
60
84
34
69
11
84
79
86
69
24
16
12
35
10
84
21
44
3
77
96
60
12
43
66
30
23
49
33
24
10
59
13
15
87
73
21
85
36
37
70
57
13
5
54
56
14
4
25
95
22
67
85
8
54
7
76
91
25
67
4
93
95
61
32
96
5
27
6
68
67
99
46
12
38
57
15
14
5
78
93
47
43
78
10
11
40
25
55
39
69
61
28
27
70
90
50
73
31
23
11
76
100
91
75
22
88
21
42
90
23
69
54
79
17
74
58
27
31
32
100
68
26
84
34
47
78
89
44
76
79
59
40
82
54
32
51
13
60
88
81
43
51
81
78
43
68
21
77
66
27
77
88
93
12
97
17
77
13
8
96
45
89
13
63
36
99
19
33
18
59
9
75
88
23
92
100
76
33
66
48
30
7
31
14
74
3
64
60
70
43
25
56
75
80
63
79
58
8
31
36