88
54
38
26
36
61
40
99
5
9
40
35
37
28
81
66
74
67
47
19
4
6
12
90
59
41
46
5
89
95
54
54
17
62
87
37
25
7
88
3
22
62
75
52
66
83
3
72
93
2
33
37
90
28
12
74
86
21
92
10
54
78
19
35
100
66
29
46
37
76
69
8
6
42
98
56
25
17
10
72
27
38
53
48
59
56
64
57
85
97
44
39
92
6
43
42
99
35
92
74
40
34
69
79
21
42
8
31
74
53
38
30
28
61
89
11
13
9
30
6
10
51
45
10
37
86
74
34
27
39
14
37
47
28
37
35
98
85
46
67
71
97
12
53
24
26
3
79
96
86
100
17
73
72
45
19
19
97
24
71
1
35
77
54
17
40
13
28
19
47
3
52
69
37
68
81
95
73
70
85
100
4
25
21
31
89
19
89
41
99
31
52
22
19
57
17
93
18
2
84
92
7
46
80
97
97
38
66
11
59
67
26
32
26
56
13
43
89
68
6
8
50
67
88
52
62
66
91
31
39
33
86
12
53
84
80
85
44
55
66
75
8
99
28
67
37
34
25
7
25
9
11
68
61
10
49
58
40
92
41
36
17
100
26
6
71
24
35
99
90
54
63
41
29
23
65
63
34
92
95
64
11
86
35
95
55
15
67
81
34
8
69
47
54
12
2
72
36
85
66
89
1
36
96
66
4
63
26
84
86
56
36
21
43
32
57
59
30
68
38
51
82
73
96
75
50
43
79
55
46
61
94
69
59
62
8
96
79
32
29
60
28
15
20
33
22
71
42
77
44
45
50
1
89
51
56
97
98
6
40
29
6
55
36
20
67
40
54
1
15
73
53
35
9
96
70
47
44
96
3
86
38
67
47
13
26
8
90
65
14
37
1
64
17
26
15
90
9
41
35
62
67
100
58
88
11
43
72
50
48
18
14
67
34
54
22
7
83
12
98
30
83
47
24
19
95
95
29
63
67
98
25
13
61
35
60
24
48
81
4
36
43
9
97
77
2
43
75
30
48
67
33
82
89
78
82
20
66
13
63
90
73
76
93
78
85
2
48
16
71
72
40
91
62
76
93
56
98
46
46
51
53
63
84
55
84
50
1
77
99
61
55
91
31
67
97
66
74
96
32
21
97
65
79
65
76
51
75
67
76
73
96
64
84
77
40
94
54
44
67
38
21
61
16
91
46
48
56
76
87
19
21
37
51
12
42
40
36
48
40
85
55
33
11
15
66
53
66
40
57
46
42
84
7
18
77
55
82
18
73
21
98
49
55
35
1
31
99
52
95
21
56
60
70
70
40
46
33
21
76
11
73
76
17
76
58
87
97
79
56
43
85
11
55
43
14
57
34
59
10
61
54
94
25
37
100
5
88
98
29
25
50
58
83
85
44
32
6
64
18
42
57
23
2
94
28
59
34
9
73
13
49
30
79
21
57
95
58
24
91
30
37
31
50
35
66
10
99
27
6
30
56
14
59
39
19
51
19
99
86
59
80
81
91
69
31
23
83
33
65
78
59
81
57
75
69
38
7
48
48
22
79
97
6
65
11
72
35
72
70
5
86
86
65
60
22
8
34
89
60
80
83
68
31
100
30
21
36
47
82
68
54
96
29
85
82
20
10
57
31
56
9
67
78
84
40
94
54
87
63
6
81
51
55
67
85
26
33
99
23
50
77
54
89
11
89
76
84
88
69
71
19
51
88
59
22
53
63
11
47
87
34
58
66
31
62
83
76
49
15
82
36
17
11
77
3
94
13
27
25
80
53
41
20
77
58
58
32
15
84
21
36
42
77
91
23
25
48
27
57
52
5
68
23
72
4
38
32
3
35
43
34
81
99
95
20
8
14
47
62
99
2
57
82
36
82
16
14
43
47
8
66
99
60
37
91
46
30
41
96
25
49
18
5
92
19
24
74
86
88
77
70
28
54
53
58
20
87
33
66
18
91
2
99
12
15
54
96
46
57
39
17
16
24
67
90
43
47
7
11
85
61
10
69
94
47
73
2
37
13
67
37
83
60
87
86
16
53
40
78
79
59
98
13
64
1
77
13
62
13
28
31
61
77
69
22
76
8
13
38
70
11
96
36
23
80
41
91
78
70
68
28
29
36
26
22
41
38
91
26
17
85
22
10
94
81
86
40
13
90
33
42
44
41
87
90
24
55
76
53
47
71
22
3
87
85
79
13
34
48
29
84
98
65
65
16
52
74
71
8
71
55
32
42
13
80
98
40
47
73
6
98
90
33
80
3
97
55
89
85
1
95
76
75
53
60
67
5
39
30
26
7
14
35
30
100
28
94
99
49
95
80
50
99
53
86
96
81
39
82
30
43
85
23
86
22
35
96
38
93
98
3
49
38
52
5
53
18
14
71
12
12
20
91
19
85
15
100
79
63
32
95
34
58
10
83
33
86
94
75
14
10
80
53
93
31
15
27
44
73
59
72
87
44
32
63
44
61
48
44
48
92
69
29
55
89
74
81
44
76
66
62
25
77
50
7
34
64
55
15
68
49
82
20
76
41
10
31
58
34
88
46
72
19
91
86
99
58
15
13
45
34
10
50
83
14
6
7
83
8
21
53
65
79
36
91
56
42
70
63
44
36
96
24
62
35
39
32
2
71
89
2
52
83
91
7
3
79
80
67
83
6
81
94
99
17
16
78
76
39
37
73
100
33
82
73
87
94
66
29
77
99
7
80
66
84
87
34
51
52
60
21
51
94
35
14
17
79
94
57
10
7
65
62
44
15
57
85
50
37
63
50
70
94
74
93
51
23
10
72
70
63
97
69
37
20
98
36
89
3
25
89
95
90
38
97
34
76
89
55
63
37
33
5
46
100
32
65
50
11
99
38
4
18
46
76
70
89
64
99
16
23
95
61
99
86
28
48
85
56
100
75
48
48
7
39
16
6
8
84
70
52
2
54
27
38
8
9
23
12
91
13
95
10
42
22
78
83
49
82
65
57
46
43
80
7
92
26
74
94
100
32
98
85
61
11
5
64
18
57
20
8
84
28
36
67
12
81
52
89
21
30
66
39
28
77
51
37
56
24
41
34
69
70
50
49
91
13
94
35
64
92
70
52
87
99
61
59
89
77
48
70
31
28
73
55
46
76
28
51
56
58
46
87
73
82
20
59
30
99
51
45
90
39
5
49
72
22
51
71
43
84
1
16
3
63
14
84
20
37
94
16
35
55
62
86
72
36
69
12
22
73
14
64
49
49
97
71
31
52
29
88
93
27
12
51
38
69
1
88
25
26
63
91
57
43
28
60
58
18
26
17
51
56
10
54
6
33
71
53
74
56
9
19
23
63
64
6
43
100
100
50
74
15
17
30
57
18
60
99
82
27
79
7
75
81
4
86
68
89
12
43
90
15
30
32
40
63
68
13
90
35
39
33
87
2
29
34
58
3
83
63
8
2
49
12
46
65
41
24
75
2
72
75
23
31
54
51
31
67
57
22
76
4
43
69
95
34
50
79
87
8
6
71
49
36
59
9
100
21
88
70
67
62
7
78
69
53
94
30
31
29
90
3
25
85
82
91
63
87
77
66
88
20
53
19
19
55
94
68
11
32
6
71
26
14
3
12
86
23
25
68
39
26
38
27
44
83
64
42
70
34
57
37
15
37
53
76
20
92
22
58
17
12
65
8
19
15
25
76
67
81
47
12
55
53
42
58
71
49
39
52
46
13
37
86
96
72
100
75
67
31
67
82
35
20
60
46
78
79
94
87
65
42
55
44
77
33
11
62
84
71
49
85
7
49
51
63
57
38
92
29
63
42
18
68
12
32
99
22
81
89
82
68
41
37
83
50
35
31
24
59
72
5
12
30
52
64
29
60
95
65
65
17
65
27
30
87
49
51
83
31
13
24
71
71
66
77
13
67
11
53
44
86
35
10
99
73
72
62
49
50
17
50
64
14
66
30
96
94
28
36
98
77
3
53
88
5
32
15
86
33
15
73
35
74
83
50
23
62
10
45
10
43
15
6
32
43
91
20
70
38
48
93
78
86
77
37
49
16
74
41
89
74
21
29
1
56
8
93
8
9
25
1
82
32
69
46
49
6
20
38
11
74
30
74
60
63
7
18
17
9
25
71
61
13
41
45
35
100
59
70
57
6
32
99
35
98
32
12
90
77
11
18
87
62
91
39
22
80
57
53
61
73
17
72
4
74
1
40
78
76
63
64
80
9
32
22
82
25
80
31
18
81
24
69
54
19
35
45
50
15
62
20
3
6
82
65
48
67
61
81
37
57
54
18
39
34
77
43
65
88
43
61
12
89
22
4
14
87
91
16
93
96
45
42
7
8
54
22
89
40
21
59
75
31
75
68
91
97
31
69
41
43
68
96
4
26
45
99
80
89
92
51
51
83
18
7
3
80
78
13
22
66
93
31
80
96
21
2
93
82
36
68
73
88
5
43
30
98
14
31
92
71
9
89
31
54
79
88
41
14
27
26
29
76
50
1
99
27
48
81
16
66
85
6
7
62
29
92
51
98
66
82
96
76
19
65
70
30
21
7
83
47
21
56
15
79
82
41
97
48
12
80
2
44
54
4
65
54
74
84
31
27
89
83
12
78
99
57
29
13
27
10
5
51
3
69
21
59
85
97
40
61
36
27
23
85
4
42
28
35
39
39
23
88
47
99
15
19
43
51
85
7
37
60
92
90
68
80
36
56
95
25
30
35
16
88
96
20
5
35
3
36
48
71
18
13
25
72
69
18
21
53
37
27
36
46
4
21
60
44
47
75
48
35
98
64
11
29
86
39
52
68
57
52
80
71
10
14
22
43
40
29
25
90
27
31
99
83
86
12
59
28
55
8
60
95
80
21
57
36
1
57
35
28
70
15
66
68
13
74
12
40
96
19
24
33
91
17
81
54
68
6
58
58
38
23
12
63
59
16
46
14
22
46
7
48
50
74
92
27
91
49
53
82
80
44
38
72
76
72
96
17
22
87
85
19
57
58
73
54
34
64
30
2
93
59
77
86
27
89
1
63
94
91
47
52
87
52
51
57
25
74
90
100
83
98
63
82
73
58
56
15
31
95
96
66
62
61
41
72
63
58
78
9
31
26
50
37
38
57
42
79
62
39
39
20
3
95
30
32
82
43
20
98
86
21
60
26
3
64
10
93
6
7
8
61
83
38
49
96
31
38
3
88
93
88
94
24
39
61
58
42
59
50
3
11
4
26
12
74
64
59
94
34
19
61
23
43
32
94
87
47
72
67
9
23
25
40
41
6
13
80
42
57
57
3
74
89
95
15
81
95
29
65
47
71
89
65
50
99
60
24
38
34
20
53
66
32
83
73
26
13
40
78
55
5
48
17
70
4
10
94
73
54
77
92
90
84
48
86
62
51
42
36
50
49
76
69
64
27
43
11
54
18
5
67
80
73
13
38
53
19
77
67
16
42
45
77
2
21
68
38
81
65
53
4
60
33
54
64
79
19
57
17
81
27
96
41
30
12
70
34
86
88
96
11
99
72
44
37
56
9
73
39
94
14
90
74
51
19
66
43
41
89
62
65
3
71
57
74
35
35
41
85
88
70
37
57
73
35
9
52
62
22
48
25
87
74
77
44
32
47
28
28
51
40
100
82
82
66
100
31
43
67
36
74
90
18
17
18
30
28
31
4
74
66
80
56
24
7
62
89
22
6
8
45
23
41
49
9
78
35
69
17
34
87
88
6
34
76
71
60
83
70
1
10
29
72
66
14
78
53
11
30
67
72
85
48
76
75
73
92
87
66
18
46
79
10
94
37
22
83
25
92
8
46
64
94
29
89
14
2
2
8
45
59
92
17
76
86
62
66
77
82
93
18
65
22
88
57
74
37
39
29
2
63
2
38
21
28
36
41
2
91
19
49
94
59
59
48
89
100
98
28
28
89
4
9
23
34
27
63
47
69
17
13
98
29
53
74
68
99
97
96
21
87
84
88
25
72
78
75
34
79
51
42
64
73
36
95
34
43
70
70
45
44
33
86
45
53
1
21
91
25
15
94
88
7
55
72
61
25
77
43
85
70
11
46
19
10
8
54
31
67
73
87
63
16
88
97
64
45
87
63
95
20
43
50
99
78
56
86
13
10
49
90
8
15
85
7
5
33
100
99
39
79
91
17
51
65
46
1
97
42
94
62
27
45
4
19
50
18
35
96
95
39
71
67
1
10
70
9
76
66
90
29
94
63
3
1
88
76
50
45
53
45
99
13
89
63
88
20
80
13
76
58
21
50
89
38
36
87
95
55
68
63
43
66
71
41
53
5
38
25
24
21
95
13
96
35
83
48
40
10
87
55
46
49
53
6
32
58
40
3
47
46
81
70
7
7
77
93
66
36
27
29
9
75
71
15
75
68
53
27
29
8
52
46
16
8
61
87
46
59
36
13
23
65
62
13
4
13
97
32
78
39
7
50
99
41
77
86
5
72
35
91
74
95
75
32
99
10
14
91
57
38
29
15
12
68
99
1
48
41
64
86
97
18
67
17
65
12
9
36
37
61
32
33
24
58
42
37
41
92
30
97
23
52
72
22
78
42
97
66
85
85
59
64
72
12
68
75
100
92
13
16
39
43
93
37
44
55
40
84
88
82
19
76
74
6
13
80
8
81
56
24
6
21
100
67
49
88
71
86
27
17
28
68
94
43
30
16
77
94
50
37
19
85
28
4
12
8
17
52
43
16
70
96
55
72
60
53
55
78
62
12
43
95
35
78
26
63
40
17
16
8
11
19
15
56
35
84
79
1
88
82
69
59
69
81
47
87
21
70
5
61
39
34
83
18
47
68
79
73
27
10
89
17
80
57
37
95
80
27
92
34
38
40
70
80
83
29
31
35
24
67
29
62
1
47
37
8
3
56
99
7
97
23
45
53
11
83
7
41
88
12
84
51
73
86
90
87
51
50
94
93
17
42
87
91
15
58
44
3
5
77
36
52
28
81
93
57
74
4
68
47
23
92
76
10
52
20
14
95
3
39
20
93
51
60
27
56
27
49
28
62
18
83
63
50
73
76
3
37
20
91
84
83
36
9
4
53
19
42
42
23
31
8
53
94
34
19
54
83
27
17
76
10
85
80
41
87
71
18
58
94
31
65
52
65
10
14
31
1
16
71
6
98
67
10
25
43
39
32
67
89
81
36
42
83
95
94
7
5
89
45
94
7
12
33
19
22
76
5
32
9
78
77
54
95
18
22
94
36
41
64
7
44
37
100
44
58
61
40
74
30
61
91
57
26
60
92
3
69
98
46
87
68
40
8
83
92
9
35
29
90
12
8
1
41
94
92
11
33
64
92
44
75
13
13
13
85
31
48
68
48
17
14
3
93
9
56
74
73
50
25
10
45
34
77
51
45
91
79
70
53
92
98
29
21
90
93
72
44
14
61
53
97
29
84
31
12
42
16
7
35
74
68
54
76
27
58
57
64
28
13
80
78
82
77
89
64
50
41
64
64
83
25
98
51
89
38
41
89
36
68
46
53
32
74
13
33
90
74
79
63
85
96
97
32
3
60
42
42
39
2
18
86
11
22
1
47
83
10
14
63
62
80
43
15
1
14
4
89
11
64
86
63
19
98
88
72
68
41
23
35
83
20
6
27
1
41
3
89
1
74
99
91
23
22
13
29
77
80
5
77
80
70
51
98
80
53
39
13
30
28
20
56
9
66
32
53
74
28
89
59
14
38
96
8
10
6
63
10
57
24
91
2
19
38
87
80
32
26
28
99
88
93
90
59
75
80
37
36
25
90
19
15
51
43
54
10
63
69
53
100
44
40
45
53
72
34
42
24
25
89
18
19
97
41
82
44
92
52
24
94
88
65
98
65
79
67
85
18
100
26
33
6
49
87
46
88
7
5
72
24
22
60
44
87
70
33
11
58
11
8
32
21
48
12
50
30
42
78
37
61
5
87
94
4
24
62
77
47
45
65
83
29
48
63
54
7
57
29
68
77
95
49
13
46
97
55
73
95
4
63
26
81
8
61
52
94
21
87
56
13
52
22
2
47
86
15
60
8
64
40
64
41
56
58
81
31
67
7
43
2
34
82
25
75
18
20
31
97
83
63
40
92
46
27
81
3
83
72
75
97
65
90
91
61
38
15
45
20
13
89
38
30
28
39
67
90
13
12
83
30
98
87
99
50
5
66
69
91
45
96
83
22
79
33
20
67
30
12
26
43
66
55
87
98
52
3
19
50
55
51
10
49
21
1
6
85
73
99
14
67
86
85
7
11
32
71
59
56
8
46
47
81
21
69
55
10
30
48
13
20
42
81
27
32
73
54
40
82
70
88
40
64
43
20
45
15
46
42
28
48
85
60
10
92
54
80
95
98
26
24
79
14
75
83
81
14
16
46
31
82
87
53
87
46
96
26
43
7
89
55
90
75
30
76
15
96
53
64
26
16
22
27
40
84
4
40
82
29
66
35
15
67
68
91
31
48
9
42
5
83
48
78
8
16
46
53
5
57
17
83
80
23
89
41
56
94
88
11
95
27
51
84
38
19
10
88
42
86
79
53
62
78
23
61
28
90
11
93
37
83
61
97
83
11
3
47
21
7
97
52
56
3
12
1
35
45
10
41
14
100
70
92
77
39
26
8
92
74
53
72
92
20
38
76
13
22
42
94
88
13
95
96
54
57
36
97
18
40
4
76
44
92
74
80
49
42
70
99
57
49
96
75
91
10
90
31
58
52
45
65
8
77
100
68
92
1
73
92
93
67
43
18
67
27
93
8
34
77
13
45
92
14
26
68
11
52
85
32
72
73
71
63
72
100
38
14
22
17
49
29
39
43
91
33
20
24
65
32
84
11
69
7
76
1
70
83
37
91
81
86
12
83
43
48
69
86
87
64
97
38
100
65
68
34
89
42
58
32
99
12
3
79
83
25
86
86
4
5
99
20
59
71
67
10
12
49
42
86
32
95
90
15
53
49
58
70
72
19
60
37
13
75
17
18
9
27
55
13
4
3
31
25
76
35
92
13
79
37
5
74
42
6
66
22
58
81
40
16
64
3
100
92
89
35
72
18
93
41
67
40
13
52
91
56
72
78
70
16
42
27
88
43
73
44
18
71
19
14
57
27
5
78
25
49
25
41
23
49
62
74
72
88
62
37
65
50
56
21
41
28
94
8
98
80
17
81
40
89
31
96
17
92
73
5
4
100
64
100
96
6
67
55
47
88
9
63
18
92
98
2
79
37
98
80
4
18
12
76
23
91
76
3
41
72
62
51
24
42
18
40
19
74
9
91
96
55
99
97