0 28.1856
1 -47.3711
2 72.5567
3 -91.7423
4 115.928
5 -132.113
6 153.299
7 -174.485
8 197.67
9 -214.856
10 234.041
11 -247.227
12 263.412
13 -270.598
14 282.784
15 -290.969
16 302.155
17 -304.34
18 312.526
19 -316.711
20 321.897
21 -319.082
22 319.268
23 -317.454
24 324.639
25 -324.825
26 331.01
27 -335.196
28 341.381
29 -339.567
30 342.753
31 -338.938
32 344.124
33 -340.309
34 342.495
35 -340.68
36 341.866
37 -338.052
38 343.237
39 -342.423
40 349.608
41 -347.794
42 350.979
43 -350.165
44 350.351
45 -343.536
46 340.722
47 -336.907
48 340.093
49 -338.278
50 338.464
51 -338.649
52 344.835
53 -351.021
54 363.206
55 -367.392
56 374.577
57 -374.763
58 376.948
59 -370.134
60 363.32
61 -347.505
62 335.691
63 -317.876
64 309.062
65 -298.247
66 295.433
67 -289.619
68 289.804
69 -284.99
70 280.175
71 -270.361
72 269.546
73 -259.732
74 253.918
75 -240.103
76 227.289
77 -213.474
78 200.66
79 -186.845
80 178.031
81 -165.216
82 157.402
83 -145.588
84 139.773
85 -127.959
86 119.144
87 -108.33
88 99.5155
89 -84.701
90 73.8866
91 -58.0722
92 49.2577
93 -36.4433
94 27.6289
95 -13.8144
