0 -22.0429
1 -45.3216
2 -70.488
3 2.49608
4 -120.976
5 32.1257
6 60.6091
7 48.2074
8 -82.3415
9 -12.7447
10 181.492
11 -91.8783
12 -49.4563
13 102.898
14 64.1008
15 -0.0204323
16 44.7368
17 -75.9405
18 -117.9
19 -4.32729
20 -32.0901
21 113.715
22 106.339
23 -60.5862
24 145.749
25 109.941
26 -46.1006
27 10.2009
28 -9.47894
29 5.48915
30 -5.09135
31 14.9107
32 30.3613
33 43.7938
34 -95.4531
35 -60.8185
36 -205.255
37 -67.4699
38 -170.032
39 3.52401
40 -54.2728
41 -51.1254
42 8.6548
43 -35.55
44 -50.1848
45 67.4713
46 1.41572
47 17.8125
48 43.4639
49 -52.9881
50 67.1244
51 -84.01
52 -20.0544
53 28.9154
54 88.3376
55 -151.484
56 75.3215
57 122.758
58 -69.2186
59 65.5571
60 39.845
61 134.63
62 -2.42881
63 15.8405
64 -44.011
65 -3.9797
66 28.6588
67 -51.5805
68 -2.127
69 -130.739
70 -35.2459
71 -111.018
72 54.6585
73 6.91127
74 47.6292
75 -16.3228
76 49.1807
77 -11.5283
78 10.4136
79 -67.4018
80 -46.6293
81 -108.009
82 154.136
83 -0.645243
84 11.8705
85 119.415
86 2.3484
87 94.012
88 129.171
89 -47.6847
90 12.669
91 -84.8926
92 -138.8
93 142.741
94 142.076
95 -33.1435
96 -184.235
97 -44.6235
98 42.5305
99 -56.7884
100 2.94134
101 -127.689
102 59.2696
103 51.6473
104 -251.662
105 -121.873
106 -2.05519
107 -53.3204
108 -89.2058
109 72.4142
110 66.1715
111 6.62766
112 34.2303
113 63.4834
114 -85.2588
115 56.6997
116 94.4506
117 -63.2492
118 64.3184
119 -137.21
120 -30.1971
121 -92.4663
122 -293.111
123 100.451
124 60.9227
125 -33.2828
126 -130.373
127 -17.8289
128 51.7367
129 30.3389
130 8.52291
131 95.9809
132 56.2456
133 -20.6186
134 25.883
135 145.546
136 -19.8156
137 30.6979
138 93.364
139 -10.3589
140 26.2243
141 -136.207
142 -49.517
143 -39.3679
144 36.8537
145 -143.223
146 16.5956
147 -106.5
148 84.6195
149 -216.502
150 -56.7388
151 73.3666
152 -6.68339
153 23.6685
154 73.3339
155 31.6682
156 -148.671
157 -83.2797
158 185.266
159 95.0579
160 172.784
161 56.9093
162 -29.5492
163 -66.5041
164 -13.6048
165 28.7016
166 -134.982
167 87.018
168 -163.134
169 -8.41591
170 84.2248
171 41.0002
172 230.786
173 85.8622
174 -69.1763
175 -39.6959
176 -64.2218
177 161.355
178 -24.3044
179 90.4337
180 85.7529
181 33.2733
182 21.4038
183 -227.43
184 -11.3515
185 90.5443
186 -191.958
187 138.609
188 67.8482
189 -73.5513
190 7.82588
191 -99.4373
192 71.696
193 -79.3085
194 67.5468
195 -112.352
196 -22.9008
197 27.2831
198 99.2065
199 139.036
200 182.969
201 133.372
202 -62.6079
203 8.01616
204 89.6129
205 98.5172
206 -1.13403
207 27.551
208 64.945
209 -148.289
210 130.973
211 18.8685
212 12.2162
213 -30.8216
214 -66.5136
215 -24.7662
216 104.278
217 69.2854
218 0.670019
219 78.3701
220 139.317
221 135.986
222 -105.944
223 -45.9954
224 13.0112
225 -126.583
226 -120.473
227 -136.274
228 -62.2813
229 61.9534
230 -207.426
231 46.8584
232 29.9281
233 81.3924
234 -34.6538
235 -101.397
236 60.5611
237 -82.2696
238 -74.8705
239 190.586
240 17.6049
241 -94.2146
242 -6.37195
243 83.3485
244 7.76737
245 -83.9306
246 100.973
247 33.7279
248 -25.1311
249 -203.771
250 -71.6742
251 95.5526
252 -120.608
253 124.852
254 -58.6298
255 -54.085
256 -19.3838
257 -103.211
258 -22.7566
259 136.405
260 -56.6614
261 -111.32
262 68.1518
263 61.2386
264 101.881
265 -162.669
266 131.597
267 -13.3246
268 129.781
269 -23.2208
270 -116.978
271 -45.0081
272 11.2271
273 -247.062
274 8.53543
275 -12.5322
276 21.401
277 -142.394
278 -23.0381
279 46.5194
280 -29.2882
281 53.4929
282 -152.347
283 63.8078
284 -37.8406
285 28.3444
286 0.157297
287 -17.5927
288 -68.0068
289 130.869
290 33.5305
291 21.094
292 -88.188
293 34.7226
294 -211.928
295 -56.3931
296 -74.9172
297 -27.0305
298 49.3979
299 16.2528
300 -116.614
301 85.704
302 -81.2258
303 9.16868
304 -60.9004
305 64.5719
306 -41.0582
307 -23.6528
308 -119.593
309 -9.10058
310 31.8308
311 -27.3375
312 -38.5997
313 -128.222
314 1.2438
315 -130.649
316 -12.9469
317 -4.6385
318 -18.0199
319 -45.6648
320 -67.7972
321 147.043
322 -119.732
323 -47.9657
324 -8.60732
325 42.7759
326 -35.0803
327 55.3694
328 -98.4062
329 55.2642
330 90.8486
331 -16.9945
332 -118.565
333 104.312
334 10.3086
335 57.9882
336 42.2617
337 -76.8359
338 54.9532
339 -73.1214
340 154.676
341 105.832
342 -197.106
343 19.0577
344 -52.9677
345 174.693
346 46.235
347 -45.502
348 14.6783
349 147.408
350 -25.9842
351 30.3943
352 -49.8873
353 -191.005
354 160.567
355 -134.146
356 117.448
357 62.9966
358 41.0375
359 117.812
360 -62.3086
361 -32.8696
362 -9.79932
363 -104.013
364 75.0176
365 57.3179
366 57.4719
367 -63.0167
368 -143.94
369 23.8284
370 -55.8061
371 96.5145
372 -74.4131
373 118.962
374 58.0571
375 -120.804
376 75.6041
377 -38.848
378 -66.5332
379 17.0674
380 -33.5104
381 -205.241
382 87.2839
383 -59.5665
384 -89.6929
385 141.393
386 80.1969
387 45.6021
388 -41.957
389 -40.8474
390 -62.9109
391 -19.7026
392 -28.6164
393 119.035
394 50.1501
395 -94.3954
396 -111.343
397 23.5212
398 -23.4678
399 8.45754
400 96.0782
401 158.568
402 9.39985
403 12.8239
404 29.757
405 0.080928
406 -81.1428
407 26.8985
408 -2.43232
409 68.5174
410 -45.9397
411 -1.14927
412 97.8375
413 -15.8593
414 -40.9531
415 -65.3686
416 23.883
417 -205.37
418 -85.3621
419 -13.3357
420 67.3214
421 -118.625
422 118.149
423 94.0715
424 -82.6274
425 45.2755
426 -73.4078
427 116.035
428 -11.5393
429 19.4577
430 -85.2214
431 -168.015
432 -149.113
433 8.73281
434 -199.655
435 -3.74644
436 -49.7461
437 -31.5596
438 67.076
439 -124.507
440 -123.737
441 30.8056
442 -26.6329
443 26.285
444 -54.6356
445 8.98243
446 -87.7815
447 102.559
448 40.9118
449 154.595
450 152.778
451 -53.8729
452 7.22503
453 -15.9035
454 -133.257
455 -24.9247
456 126.361
457 57.4846
458 -91.7015
459 -108.269
460 100.604
461 -44.5887
462 -19.0145
463 95.4305
464 22.3565
465 73.4677
466 -3.85653
467 57.2095
468 75.653
469 2.22245
470 -155.117
471 15.1108
472 -208.669
473 -28.0529
474 -166.583
475 148.913
476 37.3287
477 -35.9294
478 183.616
479 5.59119
480 -90.4476
481 34.4362
482 28.2974
483 -108.695
484 -23.5054
485 37.1765
486 15.5588
487 7.04758
488 76.5249
489 -17.3123
490 -41.8815
491 64.3956
492 -67.0512
493 119.609
494 145.397
495 -6.33728
496 173.669
497 23.9219
498 -114.577
499 -74.4344
500 154.601
501 92.7189
502 6.63233
503 -67.0276
504 -20.3224
505 198.075
506 44.2734
507 -96.064
508 109.57
509 26.8364
510 -176.546
511 -24.8605
512 -1.45391
513 -14.165
514 135.584
515 157.174
516 21.6683
517 -117.878
518 -110.386
519 34.1732
520 -97.2504
521 57.3464
522 -42.7818
523 -27.0224
524 -148.2
525 61.4277
526 80.186
527 -10.0842
528 -131.411
529 -12.8499
530 85.4024
531 30.1707
532 -107.849
533 -105.269
534 -153.755
535 -111.51
536 -65.5726
537 75.6146
538 -73.2397
539 -63.9956
540 47.1315
541 45.1105
542 -64.4854
543 235.101
544 -35.7902
545 -71.8227
546 45.067
547 -28.5684
548 93.0149
549 161.85
550 -29.2278
551 -63.9881
552 -117.929
553 -101.011
554 74.4628
555 34.055
556 -39.0821
557 49.6761
558 -105.69
559 -177.057
560 -64.5226
561 -63.5556
562 -95.7118
563 -118.774
564 -28.3252
565 -15.1589
566 57.8676
567 15.5327
568 67.8555
569 104.561
570 50.5269
571 178.893
572 111.874
573 126.45
574 -140.526
575 -179.328
576 0.272338
577 11.827
578 88.4325
579 -27.0665
580 -95.0459
581 43.8858
582 248.103
583 -18.3808
584 14.5046
585 51.0428
586 -46.8298
587 -76.5101
588 80.0639
589 121.7
590 21.3972
591 66.791
592 30.313
593 -72.4596
594 -26.5297
595 -16.5741
596 0.192098
597 108.111
598 -16.9695
599 -42.9041
600 158.517
601 -2.97426
602 -38.8575
603 37.1118
604 13.2181
605 -86.36
606 8.20844
607 -0.640599
608 47.2682
609 124.544
610 -18.6957
611 167.283
612 -122.466
613 23.7883
614 -57.2889
615 98.9021
616 112.467
617 -119.2
618 -2.34536
619 49.3953
620 8.37732
621 14.8456
622 8.66029
623 169.163
624 98.9159
625 -57.8569
626 -175.645
627 -79.911
628 102.425
629 -101.505
630 -32.3473
631 -39.095
632 26.4745
633 -54.7127
634 -28.0829
635 19.1775
636 147.022
637 70.4304
638 13.6686
639 -66.2659
640 27.8621
641 -75.0004
642 42.7825
643 -137.076
644 223.64
645 -19.2199
646 -135.505
647 32.1516
648 54.9309
649 63.0291
650 -52.9125
651 7.93258
652 -72.2335
653 -144.165
654 30.8512
655 49.6322
656 -51.4797
657 -11.5511
658 -101.056
659 -3.82428
660 141.726
661 106.63
662 129.383
663 -137.946
664 -126.553
665 107.856
666 85.7439
667 64.1315
668 43.2972
669 60.4244
670 48.1134
671 55.6649
672 51.796
673 78.511
674 -35.6243
675 28.321
676 179.746
677 154.134
678 169.944
679 -105.071
680 -28.2256
681 9.58218
682 31.0855
683 -26.04
684 11.0744
685 -73.748
686 73.7373
687 64.1613
688 130.509
689 91.0845
690 11.9609
691 10.955
692 58.1141
693 -135.287
694 -52.9216
695 -18.6785
696 -120.442
697 -49.5943
698 56.1924
699 1.42925
700 0.121433
701 -85.6661
702 31.3266
703 -105.248
704 -64.624
705 175.655
706 -13.5472
707 -71.2034
708 105.598
709 64.7567
710 -111.911
711 73.0686
712 23.1858
713 86.2667
714 19.9613
715 142.789
716 14.9725
717 -78.5101
718 51.558
719 24.8018
720 -79.1834
721 109.117
722 110.415
723 40.1494
724 15.3786
725 43.5955
726 61.7062
727 36.6502
728 166.442
729 -150.763
730 -15.5144
731 18.9324
732 47.1395
733 -190.252
734 51.2728
735 -59.8598
736 -1.15151
737 93.1956
738 183.962
739 60.8649
740 162.734
741 -28.0406
742 109.148
743 122.797
744 -9.11879
745 -271.153
746 141.564
747 39.0534
748 -9.93833
749 -17.139
750 -87.7826
751 6.54404
752 -7.28935
753 108.056
754 61.406
755 72.7923
756 53.6901
757 73.9938
758 -42.7151
759 2.09683
760 -17.5891
761 -32.5284
762 -75.1055
763 -70.8944
764 10.4001
765 -166.852
766 -283.585
767 -171.524
768 -58.3848
769 55.6831
770 -155.803
771 95.892
772 213.455
773 188.063
774 36.9292
775 22.1048
776 -95.8027
777 -18.0652
778 -20.9979
779 -143.84
780 -177.373
781 -72.2848
782 95.3807
783 67.3869
784 -79.7977
785 82.7162
786 102.973
787 -119.348
788 77.0434
789 -5.07885
790 91.465
791 9.72374
792 93.2373
793 -59.134
794 18.1938
795 -157.986
796 130.124
797 -20.4781
798 -69.413
799 -133.608
800 26.9655
801 -14.5244
802 -97.1236
803 80.0218
804 33.5477
805 -168.87
806 64.3922
807 50.9658
808 -57.5928
809 38.078
810 -19.8566
811 -134.67
812 -92.899
813 0.276047
814 21.1011
815 92.0629
816 -105.959
817 113.189
818 1.96971
819 9.00175
820 -66.241
821 165.709
822 -52.9414
823 17.3546
824 46.354
825 -127.378
826 -60.6524
827 -42.4554
828 13.1816
829 -157.877
830 -9.95545
831 78.0858
832 -13.2206
833 -98.6737
834 91.3621
835 -58.875
836 -137.345
837 53.1445
838 63.1864
839 -44.7594
840 118.535
841 -29.9457
842 -115.74
843 106.272
844 92.3135
845 15.1618
846 14.211
847 -121.896
848 -117.787
849 -65.0448
850 72.3404
851 -41.5564
852 -152.802
853 -10.7217
854 129.345
855 -118.142
856 26.7374
857 154.974
858 -67.7499
859 -234.06
860 54.2722
861 -111.711
862 89.4407
863 -0.305741
864 -2.05977
865 128.426
866 -122.153
867 -76.7814
868 1.69101
869 -62.7748
870 10.1768
871 -48.87
872 28.7557
873 33.5699
874 152.054
875 -28.9951
876 141.93
877 -163.345
878 -58.4967
879 -25.9284
880 -38.8736
881 -93.8068
882 -81.0315
883 -50.3543
884 -52.7831
885 36.4131
886 141.241
887 66.9542
888 -100.018
889 -16.6802
890 71.1384
891 -75.7109
892 -165.008
893 -26.7349
894 -38.0037
895 -50.783
896 46.9822
897 19.6931
898 -82.5237
899 37.8259
900 -118.313
901 114.255
902 25.1754
903 -13.2032
904 -106.4
905 -113.109
906 144.604
907 -38.7828
908 -157.17
909 68.2302
910 71.4403
911 -131.889
912 -104.147
913 -75.5037
914 -94.2358
915 -126.028
916 -4.10311
917 -136.795
918 146.108
919 35.4789
920 -148.211
921 -66.9978
922 9.25559
923 -118.91
924 29.0068
925 -127.887
926 -38.87
927 -26.7611
928 93.1171
929 -55.6437
930 112.496
931 -106.023
932 -136.827
933 -147.331
934 62.7216
935 85.7654
936 -221.031
937 128.768
938 -90.2107
939 80.8502
940 -93.7216
941 13.9587
942 48.5583
943 -70.0243
944 -62.3833
945 34.6342
946 -57.4848
947 -33.7734
948 4.56014
949 -38.3624
950 57.693
951 91.658
952 -110.015
953 75.4542
954 75.6532
955 162.555
956 158.379
957 -136.006
958 3.48652
959 74.5934
960 -96.1385
961 40.4678
962 -81.2783
963 74.2837
964 -75.7018
965 200.215
966 -31.1708
967 146.61
968 -64.9652
969 4.95806
970 5.25434
971 117.774
972 -34.1588
973 13.5415
974 -111.857
975 37.3812
976 -116.69
977 39.9534
978 36.7872
979 99.2293
980 -93.437
981 45.6836
982 55.2808
983 125.634
984 80.6681
985 9.46685
986 24.5801
987 1.41305
988 67.1556
989 -20.8225
990 91.103
991 213.254
992 61.168
993 60.4394
994 -45.863
995 -45.1619
996 -117.49
997 71.2611
998 -179.295
999 216.115
1000 -19.636
1001 125.858
1002 -17.694
1003 -121.74
1004 -11.5283
1005 24.8859
1006 -3.20253
1007 -158.652
1008 61.2436
1009 -76.9278
1010 181.365
1011 -91.4345
1012 -24.9739
1013 -6.54303
1014 84.8969
1015 -3.59613
1016 -4.20997
1017 -20.2288
1018 -38.7193
1019 8.81574
1020 38.9947
1021 97.1144
1022 18.3611
1023 -47.7487
1024 -123.718
1025 52.4286
1026 177.791
1027 119.319
1028 -57.4774
1029 13.3835
1030 -37.3967
1031 -108.231
1032 -15.0494
1033 -17.3904
1034 101.6
1035 128.302
1036 -37.0525
1037 -18.4252
1038 2.51384
1039 -142.368
1040 -88.7545
1041 -75.7522
1042 -7.43566
1043 113.837
1044 109.601
1045 -98.8333
1046 57.6095
1047 6.00576
1048 -13.9093
1049 -19.1517
1050 61.9159
1051 103.657
1052 135.52
1053 -31.1003
1054 -64.8628
1055 -10.2324
1056 29.3646
1057 33.921
1058 -95.6077
1059 73.3928
1060 79.1833
1061 256.185
1062 30.6276
1063 -103.426
1064 -90.9117
1065 -52.8041
1066 -62.8599
1067 -17.6401
1068 111.344
1069 73.1368
1070 -38.429
1071 68.494
1072 1.22527
1073 8.40306
1074 -22.0998
1075 -77.75
1076 85.5188
1077 -74.9633
1078 69.112
1079 -116.87
1080 41.3147
1081 82.7989
1082 57.7558
1083 17.6379
1084 -79.446
1085 53.8879
1086 -67.2238
1087 -22.8232
1088 64.6816
1089 113.232
1090 41.1157
1091 91.1899
1092 -62.141
1093 -1.24071
1094 -110.968
1095 42.951
1096 155.571
1097 152.339
1098 -90.6594
1099 -10.5225
1100 -54.8448
1101 -5.86801
1102 -220.307
1103 -76.7849
1104 21.45
1105 -27.3568
1106 -65.7394
1107 -67.6871
1108 165.447
1109 -2.29477
1110 35.7615
1111 35.9979
1112 -48.4601
1113 50.629
1114 56.7085
1115 99.6447
1116 -92.3962
1117 17.6189
1118 50.6636
1119 39.1712
1120 49.7228
1121 117.546
1122 33.5289
1123 -1.49256
1124 -46.7477
1125 63.473
1126 35.805
1127 27.7953
1128 -154.589
1129 86.7354
1130 -74.6159
1131 117.507
1132 36.1388
1133 -36.68
1134 -88.6939
1135 -45.1318
1136 -23.8197
1137 5.98763
1138 -43.8838
1139 90.1566
1140 73.0622
1141 36.3072
1142 99.4894
1143 -167.766
1144 -159.804
1145 52.2776
1146 -56.8898
1147 0.788392
1148 -99.4294
1149 -23.0392
1150 -26.8665
1151 72.7621
1152 261.426
1153 87.3352
1154 108.003
1155 -91.2669
1156 -27.5272
1157 -91.6453
1158 -88.0285
1159 69.3952
1160 -27.4389
1161 8.69116
1162 10.2151
1163 -153.302
1164 -114.898
1165 17.9015
1166 -80.3878
1167 -42.4748
1168 66.3918
1169 38.1475
1170 21.1442
1171 -60.8614
1172 -58.7332
1173 -170.52
1174 -27.9509
1175 -40.96
1176 -11.0296
1177 110.899
1178 -161.778
1179 98.1919
1180 99.3945
1181 21.8433
1182 81.8718
1183 -34.293
1184 -9.32936
1185 -121.038
1186 62.6267
1187 113.833
1188 -12.354
1189 -6.41736
1190 85.1095
1191 -53.0932
1192 -146.652
1193 41.5311
1194 -52.8804
1195 227.562
1196 -145.581
1197 40.9589
1198 -67.7091
1199 -65.7179
1200 158.994
1201 10.2538
1202 133.307
1203 -39.7814
1204 72.0876
1205 170.492
1206 -28.9036
1207 23.466
1208 64.8103
1209 -49.4018
1210 -39.0058
1211 64.0259
1212 -11.5763
1213 193.046
1214 46.1234
1215 29.1397
1216 -21.6404
1217 125.591
1218 183.281
1219 15.8264
1220 24.6892
1221 -1.84379
1222 2.78824
1223 30.6476
1224 -21.9952
1225 -12.5153
1226 -101.387
1227 36.8755
1228 -65.8592
1229 103.64
1230 -99.7149
1231 -3.78015
1232 77.8821
1233 -7.56396
1234 -118.881
1235 -99.5384
1236 21.1765
1237 -134.455
1238 20.5681
1239 -0.0358116
1240 -10.6318
1241 135.476
1242 131.515
1243 -11.11
1244 -12.6094
1245 -140.515
1246 147.955
1247 28.2787
1248 -66.4336
1249 -57.7345
1250 -64.0267
1251 123.555
1252 125.628
1253 -120.772
1254 -46.5886
1255 -121.303
1256 -30.6569
1257 -64.6242
1258 77.3961
1259 17.6049
1260 130.951
1261 2.90692
1262 -18.6675
1263 -193.849
1264 -88.1967
1265 -90.5938
1266 -64.0086
1267 106.43
1268 -13.2085
1269 59.9612
1270 169.04
1271 5.04364
1272 -122.811
1273 -25.3647
1274 43.1091
1275 84.8207
1276 -143.32
1277 -34.2243
1278 41.4248
1279 -29.4105
1280 100.086
1281 112.084
1282 -48.5166
1283 165.494
1284 -207.591
1285 49.7101
1286 83.4054
1287 37.6201
1288 -30.8932
1289 22.2658
1290 10.4033
1291 23.5974
1292 188.622
1293 106.518
1294 146.201
1295 12.9648
1296 -69.3682
1297 -62.2269
1298 12.2708
1299 184.194
1300 66.4375
1301 97.3181
1302 179.816
1303 -61.7524
1304 26.7196
1305 -73.8495
1306 121.078
1307 -21.9355
1308 -51.0657
1309 -32.2652
1310 52.6786
1311 -54.9719
1312 51.8005
1313 -31.9668
1314 -3.12924
1315 -21.311
1316 -67.8604
1317 -132.514
1318 -13.8351
1319 69.6232
1320 25.1767
1321 -141.148
1322 110.211
1323 62.0859
1324 -128.426
1325 -32.7902
1326 111.635
1327 -33.9542
1328 98.2658
1329 -9.07264
1330 91.2703
1331 18.1804
1332 -195.648
1333 -82.6045
1334 119.164
1335 -116.428
1336 -36.8825
1337 138.177
1338 25.8204
1339 0.239406
1340 171.032
1341 7.98011
1342 105.98
1343 84.6719
1344 73.1678
1345 -67.9392
1346 77.597
1347 -57.1421
1348 10.8895
1349 94.7972
1350 64.6666
1351 122.223
1352 115.147
1353 -154.628
1354 16.9593
1355 -14.0253
1356 121.049
1357 -72.0648
1358 274.887
1359 -15.2899
1360 -56.4995
1361 -7.17825
1362 -21.59
1363 -123.887
1364 79.9957
1365 -41.0583
1366 -51.3525
1367 -0.281474
1368 26.9218
1369 -16.5767
1370 -46.7221
1371 111.691
1372 46.528
1373 67.5147
1374 78.2664
1375 119.381
1376 126.552
1377 -75.8352
1378 130.778
1379 -49.9074
1380 -112.138
1381 -20.0448
1382 35.2552
1383 -183.39
1384 -142.136
1385 111.792
1386 -4.14343
1387 -25.5059
1388 -31.4453
1389 -19.1112
1390 -129.292
1391 98.2066
1392 -63.5928
1393 25.9657
1394 35.8201
1395 -98.2546
1396 72.3383
1397 3.98036
1398 -5.56737
1399 -60.2058
1400 14.0898
1401 78.5572
1402 -84.7955
1403 -98.4747
1404 -105.898
1405 120.454
1406 -3.51962
1407 -216.316
1408 11.8121
1409 -13.0062
1410 173.858
1411 -70.9079
1412 -12.7755
1413 117.205
1414 190.78
1415 -20.0159
1416 236.31
1417 -64.5173
1418 -168.816
1419 98.9865
1420 -54.5308
1421 -138.557
1422 -2.68517
1423 -74.58
1424 27.6345
1425 -17.1752
1426 -96.4912
1427 -32.9973
1428 -21.4669
1429 127.223
1430 -92.9223
1431 -29.6033
1432 78.0378
1433 -27.6876
1434 181.338
1435 99.3177
1436 -76.6613
1437 -60.3876
1438 117.96
1439 -86.7206
1440 -103.811
1441 -108.215
1442 -1.89659
1443 31.3772
1444 -23.132
1445 -113.36
1446 107.777
1447 -34.8205
1448 -18.3015
1449 42.7364
1450 69.8319
1451 -58.7933
1452 45.8354
1453 73.2355
1454 110.859
1455 4.59967
1456 -56.678
1457 -47.9253
1458 -98.2388
1459 65.2591
1460 10.1782
1461 29.8599
1462 40.5821
1463 -15.5272
1464 -197.191
1465 -43.6315
1466 -6.14182
1467 78.9789
1468 130.722
1469 22.406
1470 51.1368
1471 22.1326
1472 22.9901
1473 87.2914
1474 -1.56695
1475 -233.904
1476 -51.2457
1477 -65.2188
1478 9.41707
1479 -88.19
1480 -20.643
1481 -2.71612
1482 -135.837
1483 103.826
1484 -91.4577
1485 122.283
1486 -133.538
1487 -113.21
1488 -74.0686
1489 -98.8147
1490 -2.63493
1491 102.184
1492 -93.2474
1493 109.505
1494 -121.571
1495 37.3959
1496 -120.497
1497 118.563
1498 44.1612
1499 88.8092
1500 -51.2004
1501 -146.191
1502 117.808
1503 13.9433
1504 -23.4844
1505 84.902
1506 57.2511
1507 151.005
1508 -107.075
1509 138.909
1510 30.4821
1511 -68.0376
1512 108.654
1513 189.296
1514 60.4604
1515 9.89039
1516 -99.7069
1517 -40.9898
1518 -13.6915
1519 104.479
1520 10.4655
1521 -49.6324
1522 41.241
1523 -3.83901
1524 -18.2867
1525 -121.982
1526 -9.55985
1527 45.8081
1528 55.4887
1529 -153.513
1530 -115.85
1531 111.937
1532 97.0272
1533 -43.22
1534 -45.6247
1535 -10.4681
1536 10.2287
1537 -58.0198
1538 -138.53
1539 93.6335
1540 -58.8736
1541 -10.1621
1542 14.1195
1543 69.9397
1544 -144.771
1545 -84.1726
1546 41.6347
1547 80.3998
1548 -26.9508
1549 33.196
1550 234.459
1551 -3.48191
1552 -144.977
1553 -18.1897
1554 74.4132
1555 61.739
1556 62.9541
1557 18.2148
1558 122.034
1559 -12.2071
1560 -13.9857
1561 -152.635
1562 -35.604
1563 -147.58
1564 -5.96312
1565 107.636
1566 8.20665
1567 -55.9097
1568 47.2317
1569 138.636
1570 55.7267
1571 -73.9701
1572 94.6985
1573 -13.6271
1574 -8.56157
1575 -103.634
1576 40.7132
1577 37.1559
1578 -66.7313
1579 -89.1702
1580 -54.3783
1581 84.5622
1582 -14.3631
1583 -48.1872
1584 1.68229
1585 -95.1681
1586 -41.1075
1587 136.203
1588 4.45292
1589 -76.5783
1590 5.67165
1591 -87.8875
1592 -11.1142
1593 -3.70489
1594 113.148
1595 -35.5569
1596 7.10246
1597 27.902
1598 -77.6051
1599 -90.8803
1600 215.613
1601 -241.73
1602 -160.106
1603 84.6106
1604 -68.1045
1605 -38.6019
1606 -49.6122
1607 8.96062
1608 119.481
1609 -60.6617
1610 -95.4397
1611 -18.4138
1612 126.046
1613 -133.555
1614 58.4454
1615 14.0077
1616 94.0285
1617 30.2774
1618 -29.6498
1619 -77.553
1620 139.278
1621 67.0322
1622 19.6914
1623 75.4812
1624 123.55
1625 -79.3334
1626 45.2178
1627 -116.903
1628 -116.411
1629 69.6572
1630 106.339
1631 35.0491
1632 -30.6437
1633 -115.699
1634 -72.6695
1635 -72.042
1636 15.3773
1637 105.646
1638 -54.5736
1639 130.195
1640 -26.8484
1641 -173.768
1642 79.7903
1643 20.9128
1644 70.5127
1645 -84.3304
1646 101.688
1647 -66.8717
1648 -15.5409
1649 -145.639
1650 -117.876
1651 27.7427
1652 -126.939
1653 100.07
1654 -120.38
1655 115.002
1656 118.286
1657 -9.0167
1658 -143.022
1659 -28.6025
1660 35.3885
1661 148.569
1662 -74.6336
1663 32.2061
1664 58.9531
1665 36.8448
1666 35.8777
1667 122.659
1668 46.4109
1669 -87.073
1670 34.722
1671 -60.6798
1672 199.713
1673 18.5442
1674 -130.907
1675 -110.613
1676 89.2055
1677 -55.6555
1678 -4.20633
1679 118.621
1680 -4.55532
1681 -13.7115
1682 28.231
1683 -88.4335
1684 -60.7825
1685 -93.8251
1686 122.458
1687 -140.526
1688 43.9796
1689 -63.3952
1690 -148.978
1691 56.6087
1692 133.096
1693 10.0634
1694 46.473
1695 139.306
1696 -153.72
1697 9.49624
1698 38.7772
1699 64.0729
1700 -67.819
1701 -78.6959
1702 -102.971
1703 5.88606
1704 -7.10169
1705 1.93022
1706 -57.778
1707 69.4321
1708 -17.3526
1709 -85.7255
1710 55.907
1711 55.1932
1712 -34.5345
1713 -31.1103
1714 -39.2918
1715 -59.8149
1716 51.9429
1717 -77.95
1718 49.9968
1719 -70.712
1720 -37.9855
1721 -126.381
1722 -82.613
1723 57.7123
1724 -5.49731
1725 19.591
1726 128.564
1727 -33.2021
1728 43.7666
1729 -65.451
1730 44.7965
1731 -5.86837
1732 4.69608
1733 -93.9724
1734 -42.7257
1735 63.4378
1736 119.096
1737 -188.729
1738 -80.9502
1739 -87.8489
1740 65.0086
1741 -40.2576
1742 -79.8412
1743 50.6154
1744 105.299
1745 111.112
1746 37.671
1747 161.629
1748 58.5645
1749 114.236
1750 -44.4559
1751 -49.3957
1752 -28.3229
1753 -5.86336
1754 -116.721
1755 -41.0513
1756 42.392
1757 -112.662
1758 -55.9071
1759 -51.3964
1760 45.329
1761 -128.475
1762 40.2645
1763 79.4864
1764 -1.6915
1765 12.3008
1766 -161.088
1767 -66.0782
1768 126.343
1769 11.823
1770 106.267
1771 -73.8735
1772 9.43522
1773 -10.3984
1774 -70.5368
1775 -44.1637
1776 -72.3282
1777 -150.108
1778 53.5431
1779 104.372
1780 -27.1968
1781 -2.86242
1782 66.1954
1783 81.2216
1784 -95.7447
1785 46.0461
1786 63.7561
1787 68.2253
1788 -103.475
1789 -78.5081
1790 48.9617
1791 -148.966
1792 38.3949
1793 -6.71433
1794 -66.699
1795 -23.1665
1796 -240.793
1797 115.542
1798 -67.7799
1799 72.1876
1800 -52.8941
1801 125.246
1802 54.1577
1803 13.0651
1804 58.7793
1805 -186.502
1806 23.9706
1807 -42.2779
1808 -16.3425
1809 -83.5962
1810 -43.725
1811 29.6713
1812 83.8248
1813 52.882
1814 77.7632
1815 145.987
1816 167.639
1817 -114.688
1818 -172.774
1819 95.5847
1820 9.24377
1821 -112.953
1822 -70.5562
1823 81.5617
1824 -7.72882
1825 90.4169
1826 -63.9718
1827 -98.7724
1828 -152.803
1829 -71.989
1830 99.5473
1831 -31.1978
1832 -105.628
1833 33.9539
1834 2.72505
1835 78.1171
1836 -96.5352
1837 -82.2952
1838 130.997
1839 11.394
1840 94.2002
1841 95.2016
1842 7.0846
1843 60.7809
1844 -45.297
1845 -28.446
1846 -58.3187
1847 56.8641
1848 148.431
1849 138.905
1850 0.982162
1851 24.9816
1852 -44.4118
1853 20.0752
1854 152.058
1855 36.0751
1856 -89.5065
1857 -81.4763
1858 -111.683
1859 -241.932
1860 21.2454
1861 90.8372
1862 -57.2978
1863 -7.39663
1864 133.312
1865 99.1642
1866 -39.9743
1867 -31.8249
1868 24.1942
1869 50.6408
1870 -120.122
1871 121.141
1872 136.485
1873 -30.3554
1874 -9.51137
1875 68.2737
1876 -262.656
1877 -182.306
1878 18.2446
1879 -47.8158
1880 -53.2465
1881 -158.093
1882 89.6993
1883 49.8592
1884 -74.8168
1885 -179.423
1886 152.482
1887 -48.5484
1888 3.09394
1889 16.947
1890 -29.7339
1891 -111.702
1892 16.8321
1893 174.52
1894 37.683
1895 32.7223
1896 -108.407
1897 6.06637
1898 -79.3337
1899 -10.0584
1900 88.3266
1901 -6.20453
1902 79.4172
1903 -30.0784
1904 -67.0798
1905 84.3056
1906 -4.38294
1907 107.81
1908 -89.5697
1909 131.32
1910 8.61282
1911 54.7652
1912 -42.7204
1913 130.668
1914 -65.5904
1915 -239.023
1916 -46.6667
1917 -7.86068
1918 -76.2458
1919 19.308
1920 -40.5506
1921 49.0543
1922 93.4895
1923 17.705
1924 -1.22507
1925 84.1625
1926 12.1086
1927 -9.87509
1928 79.5219
1929 80.1101
1930 -35.1107
1931 -113.034
1932 51.1808
1933 -217.275
1934 -10.8446
1935 8.75971
1936 75.8011
1937 -51.1883
1938 -81.3222
1939 -155.471
1940 67.8585
1941 -126
1942 20.602
1943 65.6401
1944 -3.03631
1945 74.8931
1946 72.3263
1947 15.8939
1948 -46.7008
1949 21.2685
1950 -154.353
1951 21.325
1952 93.1222
1953 -86.7863
1954 -85.7563
1955 42.0939
1956 10.2115
1957 152.643
1958 4.58825
1959 39.1496
1960 -40.0959
1961 -84.6039
1962 -29.3785
1963 15.9771
1964 -85.2606
1965 3.11486
1966 -60.3635
1967 38.9447
1968 12.6874
1969 -60.9143
1970 -8.03766
1971 30.8574
1972 -28.3336
1973 115.541
1974 -51.8063
1975 164.573
1976 -40.1834
1977 -14.4134
1978 -34.8994
1979 118.542
1980 -4.50395
1981 -31.6455
1982 38.0001
1983 97.0384
1984 170.315
1985 83.0485
1986 53.0708
1987 45.223
1988 -5.55354
1989 -5.16148
1990 -17.6671
1991 -93.8311
1992 207.297
1993 -4.74453
1994 17.9523
1995 189.602
1996 72.5241
1997 -108.858
1998 -113.654
1999 150.224
2000 174.98
2001 -17.5586
2002 108.024
2003 145.639
2004 115.117
2005 62.1268
2006 6.57982
2007 -21.4989
2008 8.81233
2009 -77.4671
2010 -92.8986
2011 61.1992
2012 40.4441
2013 -7.37794
2014 -44.3104
2015 20.1484
2016 -61.6826
2017 34.1071
2018 51.9112
2019 -53.6772
2020 -56.9111
2021 -16.9955
2022 71.4079
2023 -99.4336
2024 -38.0023
2025 -90.6734
2026 -17.1861
2027 104.281
2028 53.4859
2029 256.958
2030 137.722
2031 -69.3783
2032 -24.8458
2033 -63.0255
2034 7.47131
2035 -220.453
2036 82.3154
2037 50.7472
2038 -120.483
2039 -79.0742
2040 -89.3908
2041 -6.60215
2042 88.9998
2043 -28.5864
2044 45.2801
2045 -66.9675
2046 42.4831
2047 -83.4047
2048 28.669
2049 40.0137
2050 -24.817
2051 -51.4113
2052 -37.6502
2053 -65.085
2054 103.935
2055 -51.2762
2056 -260.737
2057 48.4659
2058 -3.57338
2059 36.4023
2060 -57.6005
2061 -86.1018
2062 129.623
2063 -203.919
2064 -164.348
2065 -124.149
2066 47.9308
2067 27.965
2068 36.5909
2069 -41.0936
2070 -130.367
2071 -115.788
2072 -76.3259
2073 -4.66401
2074 4.62048
2075 100.553
2076 -12.4587
2077 -148.372
2078 151.128
2079 90.8828
2080 91.3846
2081 -32.8751
2082 2.23718
2083 56.2811
2084 -5.50646
2085 -92.6701
2086 348.207
2087 87.5789
2088 42.3613
2089 -157.108
2090 -173.955
2091 6.06761
2092 62.7161
2093 -29.7007
2094 106.608
2095 37.5557
2096 110.929
2097 -197.909
2098 -48.7623
2099 80.4235
2100 6.6461
2101 -71.7552
2102 -46.4468
2103 85.8672
2104 19.4273
2105 -55.2237
2106 18.5533
2107 -33.2698
2108 -45.1908
2109 -119.209
2110 148.973
2111 -30.5993
2112 96.0139
2113 67.9541
2114 12.1006
2115 2.80177
2116 -24.4856
2117 -33.855
2118 118.542
2119 201.681
2120 -60.0754
2121 43.7173
2122 92.2055
2123 85.3462
2124 26.458
2125 116.469
2126 -3.23144
2127 -10.1947
2128 89.7549
2129 24.5187
2130 -26.7126
2131 -93.6173
2132 60.3945
2133 18.5215
2134 96.4133
2135 40.9028
2136 -120.809
2137 45.7236
2138 34.8059
2139 -92.392
2140 141.453
2141 26.0981
2142 -95.2375
2143 112.275
2144 3.32078
2145 -48.8352
2146 -125.626
2147 -57.1383
2148 -68.6043
2149 69.8863
2150 -59.1137
2151 -19.0121
2152 -45.9448
2153 -160.885
2154 140.347
2155 -52.2528
2156 -35.8768
2157 -17.3372
2158 -19.2694
2159 -142.129
2160 96.5355
2161 26.3976
2162 89.1678
2163 92.5383
2164 79.7215
2165 -45.1666
2166 -21.1347
2167 -17.3032
2168 -20.0982
2169 86.2976
2170 55.3543
2171 18.673
2172 103.255
2173 15.507
2174 81.9576
2175 5.10475
2176 7.75887
2177 39.8879
2178 -214.197
2179 23.1342
2180 1.45531
2181 -19.5511
2182 38.0286
2183 181.883
2184 3.34538
2185 -23.1751
2186 93.0162
2187 -179.557
2188 65.6658
2189 62.1084
2190 -109.511
2191 27.4535
2192 155.18
2193 -256.451
2194 37.795
2195 -49.4841
2196 64.1533
2197 33.2815
2198 -175.309
2199 -38.0944
2200 -52.8338
2201 109.323
2202 64.5076
2203 -41.762
2204 -121.08
2205 -135.65
2206 -30.1298
2207 -117.79
2208 -123
2209 -50.2659
2210 -52.2566
2211 148.433
2212 33.2016
2213 182.413
2214 -168.674
2215 -242.149
2216 -59.2033
2217 -7.00053
2218 -94.8745
2219 84.5727
2220 75.1426
2221 -41.1254
2222 216.03
2223 98.6077
2224 -92.58
2225 20.1072
2226 -36.5471
2227 115.795
2228 -15.9214
2229 -35.3884
2230 -20.2206
2231 181.7
2232 -169.932
2233 -91.5182
2234 82.9458
2235 116.134
2236 -64.5094
2237 90.2657
2238 8.89017
2239 88.0777
2240 -42.3076
2241 -89.5261
2242 -51.4679
2243 -97.5028
2244 -65.5873
2245 -155.393
2246 -97.8872
2247 164.527
2248 34.4127
2249 -236.598
2250 41.3705
2251 -2.90265
2252 -59.3021
2253 95.4763
2254 -23.0865
2255 87.1477
2256 -0.181709
2257 21.8045
2258 1.71508
2259 24.4603
2260 80.2925
2261 28.234
2262 -77.533
2263 154.158
2264 9.28436
2265 -127.576
2266 23.4746
2267 136.625
2268 -53.1698
2269 -85.5057
2270 -39.08
2271 -41.7632
2272 -76.6264
2273 73.1173
2274 8.66591
2275 -33.1153
2276 11.9292
2277 143.207
2278 -38.3555
2279 124.387
2280 168.659
2281 8.59705
2282 4.74464
2283 -74.0901
2284 -82.8475
2285 146.124
2286 156.562
2287 149.947
2288 -118.331
2289 -8.69149
2290 52.8407
2291 85.4581
2292 60.55
2293 161.337
2294 185.989
2295 87.5009
2296 -158.791
2297 -23.5962
2298 64.351
2299 -132.395
2300 19.4733
2301 250.09
2302 -17.3199
2303 71.0194
2304 -10.7378
2305 -130.283
2306 47.352
2307 1.93989
2308 -5.58056
2309 10.3142
2310 -44.1294
2311 -141.93
2312 -66.2112
2313 105.022
2314 -10.3242
2315 -72.9799
2316 -164.74
2317 30.5769
2318 -79.9995
2319 -4.45159
2320 -21.7046
2321 -79.0499
2322 35.1822
2323 -106.73
2324 -18.1365
2325 45.8149
2326 -133.869
2327 -56.8776
2328 52.616
2329 62.7756
2330 107.68
2331 -48.298
2332 -73.5835
2333 -14.9993
2334 31.7474
2335 73.5509
2336 -35.0222
2337 121.958
2338 -14.5361
2339 102.064
2340 -84.558
2341 -194.521
2342 151.161
2343 43.0047
2344 -124.885
2345 114.468
2346 59.7606
2347 -178.213
2348 130.509
2349 48.7858
2350 147.483
2351 -35.3916
2352 -85.0393
2353 -93.8792
2354 106.67
2355 104.558
2356 49.2077
2357 19.2567
2358 -9.57586
2359 -44.5588
2360 -72.249
2361 84.3219
2362 -13.3922
2363 -62.9772
2364 118.239
2365 64.6325
2366 -75.6982
2367 -8.38622
2368 134.343
2369 -17.6599
2370 101.706
2371 6.91979
2372 -79.6791
2373 19.2897
2374 99.7339
2375 -28.8959
2376 35.7431
2377 -39.5119
2378 -22.7178
2379 -106.005
2380 -210.493
2381 -43.7023
2382 100.53
2383 -88.4149
2384 -15.9603
2385 143.111
2386 -128.705
2387 -124.58
2388 -40.7314
2389 109.882
2390 57.0185
2391 190.502
2392 -24.1754
2393 27.9939
2394 109.249
2395 16.9816
2396 76.8857
2397 114.553
2398 46.506
2399 -127.347
2400 -57.1002
2401 50.845
2402 -42.5967
2403 52.2184
2404 -37.1177
2405 -152.448
2406 125.873
2407 113.704
2408 -121.891
2409 -103.955
2410 10.7621
2411 37.7192
2412 24.2481
2413 137.93
2414 -24.205
2415 -1.42082
2416 -14.7523
2417 35.742
2418 -157.289
2419 -70.5111
2420 61.8148
2421 -68.8365
2422 52.1274
2423 -24.119
2424 -37.8458
2425 -4.12547
2426 17.4518
2427 40.294
2428 22.9858
2429 -139.956
2430 126.241
2431 -69.3313
2432 -83.6494
2433 20.173
2434 77.7409
2435 -33.129
2436 25.75
2437 -283.279
2438 -229.126
2439 -95.8072
2440 33.6819
2441 59.4439
2442 -26.9115
2443 -160.328
2444 -66.4576
2445 6.4577
2446 19.1426
2447 -38.2055
2448 30.052
2449 155.051
2450 5.80845
2451 -111.145
2452 3.19328
2453 45.0849
2454 -29.9739
2455 8.02382
2456 52.3333
2457 -6.42364
2458 -142.19
2459 171.552
2460 -106.418
2461 -123.693
2462 12.7111
2463 51.5344
2464 9.71984
2465 3.14114
2466 21.3153
2467 8.65097
2468 134.459
2469 167.028
2470 -50.6447
2471 -65.276
2472 28.7387
2473 43.2563
2474 10.5509
2475 155.857
2476 55.1633
2477 -45.6652
2478 48.3356
2479 -70.9399
2480 131.72
2481 -114.354
2482 -133.48
2483 22.2472
2484 -22.3202
2485 61.7397
2486 17.6422
2487 -111.378
2488 165.796
2489 44.3092
2490 87.2936
2491 24.5392
2492 -6.54556
2493 88.0729
2494 61.447
2495 127.779
2496 -81.8953
2497 25.1128
2498 -7.28011
2499 185.217
2500 -4.78453
2501 89.5432
2502 113.686
2503 140.263
2504 85.9612
2505 12.2797
2506 -47.4568
2507 -87.683
2508 11.5
2509 -16.1636
2510 -23.6915
2511 9.53329
2512 -101.228
2513 134.154
2514 42.0351
2515 41.3568
2516 122.481
2517 -45.5529
2518 -155.071
2519 -63.6365
2520 -45.9483
2521 -29.0278
2522 174.841
2523 85.6577
2524 42.9908
2525 -72.7668
2526 -30.6769
2527 -144.796
2528 -80.4011
2529 168.803
2530 -108.09
2531 -36.8841
2532 31.9556
2533 -51.509
2534 -86.55
2535 -65.8645
2536 -40.0972
2537 -39.8278
2538 -206.101
2539 48.9784
2540 -68.759
2541 -86.8039
2542 144.616
2543 78.9913
2544 39.417
2545 -117.473
2546 98.4841
2547 -36.6149
2548 -124.57
2549 41.7521
2550 19.0727
2551 49.8335
2552 68.2214
2553 175.118
2554 -23.9295
2555 57.0954
2556 33.7727
2557 24.1159
2558 -20.6603
2559 -10.2247
2560 145.487
2561 -19.5107
2562 -176.766
2563 3.37635
2564 75.0978
2565 54.4923
2566 -53.3691
2567 -45.526
2568 67.0681
2569 82.631
2570 -123.043
2571 128.109
2572 -25.5766
2573 108.68
2574 -8.63828
2575 -141.592
2576 -24.946
2577 94.7138
2578 -8.41704
2579 -212.615
2580 -115.202
2581 4.18322
2582 -102.989
2583 7.0783
2584 -0.169779
2585 -95.8936
2586 135.747
2587 136.643
2588 -87.8786
2589 -20.039
2590 -43.1635
2591 41.3147
2592 -112.385
2593 -90.1261
2594 -14.5858
2595 -87.1812
2596 8.25818
2597 55.5474
2598 -40.8603
2599 -28.8068
2600 132.471
2601 33.0471
2602 43.3808
2603 28.2808
2604 14.2786
2605 98.6389
2606 73.8982
2607 -63.9793
2608 138.292
2609 68.6372
2610 -108.497
2611 16.5547
2612 25.6218
2613 -134.154
2614 -61.8564
2615 -33.856
2616 127.89
2617 17.1823
2618 -105.877
2619 -189.634
2620 -55.4726
2621 -122.467
2622 -6.08069
2623 140.126
2624 -104.118
2625 58.8863
2626 189.159
2627 -46.3114
2628 103.282
2629 -45.4705
2630 -130.768
2631 -60.9627
2632 47.6392
2633 -32.406
2634 -75.6142
2635 -136.56
2636 -123.982
2637 23.6871
2638 106.066
2639 49.8458
2640 79.9867
2641 -82.0639
2642 20.6814
2643 96.809
2644 114.174
2645 49.2663
2646 124.555
2647 -37.5861
2648 189.686
2649 -43.5681
2650 55.9019
2651 -109.622
2652 44.31
2653 65.1728
2654 -114.968
2655 -41.4822
2656 8.78526
2657 -37.7402
2658 -14.1432
2659 -82.5781
2660 -35.0083
2661 -78.1003
2662 157.734
2663 -33.265
2664 -12.2567
2665 150.357
2666 -3.61807
2667 -95.0428
2668 113.744
2669 -18.2952
2670 64.3815
2671 -96.7723
2672 45.5484
2673 -101.946
2674 191.571
2675 -92.3575
2676 -28.4552
2677 72.2211
2678 112.549
2679 154.575
2680 116.579
2681 80.7219
2682 -62.9812
2683 13.4802
2684 -29.7195
2685 58.4438
2686 74.4456
2687 -54.1236
2688 42.4687
2689 175.039
2690 112.476
2691 -25.234
2692 -73.0917
2693 27.7322
2694 -0.826802
2695 20.5175
2696 -44.067
2697 -1.86739
2698 204.101
2699 196.627
2700 -117.428
2701 -7.49029
2702 16.0126
2703 158.353
2704 -47.7914
2705 2.2173
2706 -227.323
2707 38.4602
2708 114.94
2709 3.73998
2710 57.6599
2711 42.3431
2712 -2.40103
2713 -194.98
2714 55.1646
2715 138.537
2716 32.1754
2717 -19.229
2718 26.6972
2719 -101.868
2720 23.0631
2721 -63.224
2722 77.4659
2723 -13.5761
2724 34.2577
2725 -98.4691
2726 70.1889
2727 -41.5609
2728 -7.77901
2729 167.653
2730 -18.9751
2731 106.166
2732 -57.9447
2733 -119.371
2734 11.5024
2735 -166.728
2736 -15.4642
2737 -109.779
2738 78.8548
2739 44.4261
2740 -123.108
2741 60.1459
2742 -12.8305
2743 -23.9874
2744 37.9156
2745 -69.2446
2746 2.32131
2747 -1.07983
2748 -104.731
2749 -35.9747
2750 -180.782
2751 152.797
2752 -206.632
2753 -38.1088
2754 -73.9017
2755 38.2215
2756 18.1452
2757 -85.2491
2758 96.6971
2759 67.7318
2760 35.6328
2761 -121.549
2762 -79.2572
2763 191.429
2764 -162.858
2765 250.531
2766 72.1209
2767 -108.971
2768 -14.5146
2769 -26.2527
2770 50.8316
2771 -0.54179
2772 124.592
2773 -30.6257
2774 -34.1019
2775 49.6882
2776 -12.4047
2777 -126.159
2778 208.133
2779 223.459
2780 -144.102
2781 55.712
2782 58.8745
2783 -43.9353
2784 54.176
2785 49.7368
2786 -42.4349
2787 57.2122
2788 -65.3025
2789 148.571
2790 -253.213
2791 118.224
2792 5.97128
2793 116.485
2794 -64.7865
2795 -98.7952
2796 83.763
2797 118.609
2798 -22.8341
2799 57.9914
2800 -133.007
2801 119.539
2802 140.913
2803 59.1929
2804 178.145
2805 40.3753
2806 -25.4202
2807 -3.28603
2808 115.048
2809 14.0781
2810 51.8362
2811 207.67
2812 43.6495
2813 -43.0412
2814 -10.5441
2815 -36.1355
2816 -120.235
2817 -52.4233
2818 21.6684
2819 -4.51968
2820 -32.4523
2821 4.52694
2822 -72.7847
2823 -155.872
2824 -41.6484
2825 -134.944
2826 98.4787
2827 43.771
2828 -63.7588
2829 -77.8527
2830 25.5509
2831 -127.447
2832 65.5811
2833 -44.9777
2834 -59.7982
2835 14.2264
2836 93.1473
2837 66.2825
2838 -66.121
2839 -4.81559
2840 45.4029
2841 -132.566
2842 -44.0032
2843 142.289
2844 -9.5273
2845 86.6384
2846 17.5051
2847 26.8837
2848 42.4702
2849 -133.106
2850 86.9789
2851 119.499
2852 -129.045
2853 -62.7705
2854 -10.6544
2855 67.6048
2856 -52.5862
2857 194.25
2858 12.2136
2859 75.1856
2860 179.525
2861 185.644
2862 -46.1621
2863 -65.8974
2864 -88.7683
2865 10.1281
2866 194.673
2867 42.9155
2868 143.147
2869 133.793
2870 -63.463
2871 61.6557
2872 -222.251
2873 4.75415
2874 -3.12556
2875 -25.287
2876 -103.653
2877 -117.452
2878 -123.612
2879 -42.0467
2880 26.6214
2881 30.3875
2882 -94.8432
2883 121.794
2884 -112.957
2885 -59.3511
2886 -86.6719
2887 -6.71082
2888 83.5438
2889 -30.3068
2890 9.18233
2891 -185.994
2892 -59.3711
2893 -22.0812
2894 10.0382
2895 53.0121
2896 -42.0981
2897 104.841
2898 -100.717
2899 -47.1771
2900 93.4215
2901 -38.3718
2902 101.088
2903 -63.1856
2904 7.08105
2905 96.0908
2906 -22.7715
2907 33.9975
2908 -134.916
2909 50.2095
2910 -13.3928
2911 -56.6773
2912 163.843
2913 3.17869
2914 -191.016
2915 -148.765
2916 39.7049
2917 21.9774
2918 -123.36
2919 82.2407
2920 -28.7508
2921 -158.71
2922 -118.166
2923 1.02002
2924 84.6105
2925 17.2869
2926 -42.9309
2927 -96.413
2928 -104.205
2929 -69.0875
2930 95.6271
2931 51.8673
2932 -88.8793
2933 10.7942
2934 104.781
2935 98.7813
2936 -132.875
2937 -19.0553
2938 80.7307
2939 72.2731
2940 17.2314
2941 -144.9
2942 -48.1296
2943 -48.7835
2944 -85.1551
2945 64.4669
2946 63.3299
2947 -69.0465
2948 155.676
2949 31.9582
2950 98.6115
2951 76.3091
2952 51.8341
2953 -66.8244
2954 90.9729
2955 11.4345
2956 -7.11661
2957 -302.865
2958 103.923
2959 -73.7448
2960 -169.919
2961 78.6941
2962 -0.636062
2963 -174.91
2964 -1.11393
2965 -83.583
2966 93.8248
2967 -48.0064
2968 43.2935
2969 18.1707
2970 -32.7711
2971 48.4073
2972 -45.7898
2973 88.8614
2974 188.917
2975 -19.7781
2976 -7.01644
2977 -1.36151
2978 -47.8021
2979 -55.1153
2980 -161.198
2981 10.0108
2982 5.04012
2983 111.541
2984 -3.13398
2985 120.498
2986 125.528
2987 -89.4505
2988 -4.81246
2989 61.7547
2990 -8.08007
2991 138.468
2992 -156.676
2993 75.8013
2994 4.41176
2995 -48.4986
2996 -130.553
2997 -51.1557
2998 -43.4345
2999 -137.054
3000 -143.322
3001 -19.5682
3002 -212.296
3003 3.20604
3004 191.946
3005 100.216
3006 76.0276
3007 -96.5477
3008 135.529
3009 101.706
3010 -71.7464
3011 -65.8982
3012 -55.9767
3013 -112.257
3014 -74.5617
3015 -17.3132
3016 -97.5425
3017 5.37507
3018 -4.40005
3019 44.9257
3020 -190.587
3021 0.862673
3022 108.991
3023 -49.5467
3024 -24.387
3025 117.152
3026 11.5849
3027 -10.3988
3028 -7.15612
3029 4.80357
3030 110.775
3031 -121.337
3032 -64.5771
3033 -48.5471
3034 128.964
3035 -52.8178
3036 -98.2301
3037 90.4311
3038 -18.2103
3039 -48.7785
3040 138.995
3041 -24.2094
3042 39.6788
3043 -100.195
3044 -170.763
3045 106.547
3046 -46.2536
3047 -57.3237
3048 -32.7253
3049 -35.9797
3050 178.267
3051 107.794
3052 -3.43438
3053 15.191
3054 -125.638
3055 -38.0261
3056 -179.637
3057 -7.6417
3058 52.2369
3059 -3.8327
3060 -2.59653
3061 87.9472
3062 -101.58
3063 9.68022
3064 -36.4472
3065 -40.6706
3066 -13.7269
3067 22.2331
3068 77.0271
3069 61.0797
3070 151.177
3071 -189.441
3072 124.032
3073 14.9997
3074 -4.12851
3075 120.034
3076 -1.59649
3077 213.956
3078 150.674
3079 -131.492
3080 113.674
3081 127.694
3082 3.78079
3083 -168.654
3084 -58.3991
3085 83.7729
3086 65.3733
3087 -285.363
3088 68.4367
3089 -132.259
3090 -9.95182
3091 75.4818
3092 42.9343
3093 -71.9068
3094 -103.659
3095 25.9682
3096 100.412
3097 20.9328
3098 -104.238
3099 -25.3722
3100 -22.9607
3101 -1.14092
3102 -66.9858
3103 168.118
3104 82.9468
3105 -134.567
3106 14.5957
3107 -86.8539
3108 -48.671
3109 -4.68313
3110 44.4661
3111 -6.9515
3112 -200.202
3113 51.4338
3114 -74.0155
3115 44.9674
3116 -135.194
3117 83.0626
3118 16.687
3119 8.38579
3120 83.6217
3121 3.09019
3122 -27.77
3123 170.885
3124 108.552
3125 5.79952
3126 -56.8946
3127 176.636
3128 -30.7974
3129 -12.2371
3130 -164.723
3131 167.055
3132 34.4934
3133 79.6151
3134 38.6899
3135 -38.0968
3136 -8.18242
3137 53.0703
3138 25.6229
3139 143.198
3140 -84.2629
3141 -124.823
3142 45.5208
3143 42.9823
3144 -68.7633
3145 -149.542
3146 222.661
3147 0.942761
3148 62.9987
3149 -174.513
3150 63.4264
3151 -162.87
3152 71.1143
3153 26.3907
3154 -131.692
3155 -188.689
3156 -75.7673
3157 -90.865
3158 6.018
3159 128.954
3160 263.955
3161 -26.9526
3162 -144.488
3163 253.846
3164 -82.6003
3165 74.3422
3166 74.3797
3167 -48.5731
3168 0.546861
3169 100.178
3170 -94.542
3171 -52.4303
3172 4.39805
3173 -76.4275
3174 -50.7069
3175 146.153
3176 50.532
3177 41.7687
3178 -93.2675
3179 108.707
3180 -11.537
3181 37.6712
3182 68.1597
3183 -48.2938
3184 -67.6074
3185 58.9716
3186 86.5048
3187 -53.0112
3188 -2.40351
3189 -153.157
3190 46.0754
3191 51.7963
3192 -97.6182
3193 -74.516
3194 235.184
3195 -43.8778
3196 30.4704
3197 -79.2662
3198 -98.753
3199 -43.5042
3200 86.7937
3201 -56.1153
3202 -165.039
3203 -77.1427
3204 -248.496
3205 87.7704
3206 68.4512
3207 -196.157
3208 -38.2552
3209 61.2182
3210 -49.9854
3211 70.8482
3212 104.749
3213 141.844
3214 124.889
3215 7.17118
3216 -56.0477
3217 28.4862
3218 2.74633
3219 -54.348
3220 88.8863
3221 -55.398
3222 18.0913
3223 -64.8102
3224 26.8904
3225 69.4884
3226 35.9197
3227 -86.2496
3228 13.9098
3229 96.0154
3230 -106.375
3231 129.195
3232 -6.08485
3233 -110.157
3234 -55.997
3235 7.20754
3236 -78.701
3237 -106.644
3238 3.85332
3239 67.3901
3240 -47.8658
3241 -177.027
3242 -116.555
3243 -3.28124
3244 46.4254
3245 -173.457
3246 92.0723
3247 33.3268
3248 -39.0627
3249 -5.07325
3250 -25.2499
3251 58.0865
3252 61.4239
3253 94.3813
3254 139.66
3255 116.014
3256 -270.54
3257 -74.7187
3258 -51.7947
3259 18.9065
3260 13.9763
3261 1.48162
3262 -81.7259
3263 67.6055
3264 15.289
3265 41.4046
3266 72.2953
3267 -23.8246
3268 -21.4884
3269 49.6082
3270 0.870451
3271 69.9372
3272 188.516
3273 90.7677
3274 14.6719
3275 39.0879
3276 116.229
3277 22.4442
3278 -119.471
3279 59.6583
3280 -33.9897
3281 -80.2811
3282 -69.2237
3283 -4.65605
3284 131.623
3285 108.403
3286 -112.364
3287 -28.4868
3288 -34.8597
3289 89.653
3290 -95.0124
3291 -69.764
3292 -169.494
3293 -43.0662
3294 -29.1208
3295 -30.695
3296 -2.99445
3297 -45.5234
3298 88.9342
3299 -111.429
3300 -135.539
3301 -139.83
3302 -3.39763
3303 82.6202
3304 -17.8376
3305 41.3991
3306 56.9089
3307 71.8211
3308 -76.0359
3309 35.9209
3310 -54.4848
3311 58.4616
3312 49.5066
3313 3.28649
3314 168.831
3315 143.194
3316 103.08
3317 -46.1045
3318 -39.5319
3319 26.1652
3320 107.039
3321 -61.119
3322 -179.196
3323 -20.4389
3324 -1.73013
3325 0.856796
3326 11.8762
3327 99.5362
3328 -39.6693
3329 86.6144
3330 51.2082
3331 242.136
3332 -5.54954
3333 7.9163
3334 -110.326
3335 107.689
3336 -63.5721
3337 70.0148
3338 8.10497
3339 -37.6038
3340 -90.5379
3341 -161.132
3342 -105.302
3343 20.1822
3344 59.1666
3345 -30.8959
3346 20.1898
3347 65.6296
3348 97.2526
3349 85.203
3350 41.9806
3351 26.3347
3352 165.374
3353 4.67815
3354 8.572
3355 114.351
3356 76.9527
3357 -93.4446
3358 -37.4133
3359 4.56311
3360 -124.501
3361 117.188
3362 -92.2453
3363 12.1772
3364 -129.47
3365 104.644
3366 8.96493
3367 -44.2506
3368 -120.106
3369 147.51
3370 -2.59267
3371 82.9344
3372 182.033
3373 -67.4889
3374 -9.48416
3375 95.256
3376 157.151
3377 -99.9367
3378 -18.5414
3379 -46.5864
3380 91.7133
3381 50.3244
3382 61.1005
3383 102.281
3384 -39.0478
3385 19.4194
3386 -25.9661
3387 85.6398
3388 90.5135
3389 -5.56302
3390 79.9946
3391 -58.9895
3392 -33.2048
3393 189.028
3394 -56.3857
3395 -58.6997
3396 -204.664
3397 -4.82625
3398 2.37239
3399 49.6051
3400 9.88307
3401 28.3259
3402 -176.643
3403 -45.8646
3404 -46.8956
3405 70.0413
3406 -14.2313
3407 -86.8804
3408 -30.6045
3409 -20.2418
3410 9.73887
3411 177.067
3412 -16.1786
3413 -43.0417
3414 -86.2461
3415 -189.907
3416 -18.0391
3417 136.706
3418 111.655
3419 17.9225
3420 -61.5334
3421 51.8172
3422 -122.072
3423 133.166
3424 44.3566
3425 -75.6987
3426 -33.8178
3427 -120.422
3428 183.228
3429 -64.6086
3430 99.627
3431 102.838
3432 43.0628
3433 100.918
3434 20.235
3435 -40.7295
3436 20.7044
3437 105.617
3438 208.116
3439 -139.786
3440 -85.4292
3441 35.0269
3442 16.9633
3443 -76.5512
3444 -40.014
3445 169.706
3446 62.3204
3447 15.0714
3448 -60.0518
3449 25.5315
3450 136.935
3451 25.986
3452 122.219
3453 8.75867
3454 49.2944
3455 -49.5286
3456 83.4626
3457 -28.699
3458 47.2323
3459 28.8463
3460 10.9077
3461 -140.575
3462 20.4759
3463 -252.073
3464 24.4076
3465 -107.556
3466 100.264
3467 102.972
3468 -98.9891
3469 -54.1828
3470 6.63848
3471 9.7835
3472 51.1225
3473 70.2631
3474 -30.932
3475 28.3141
3476 -26.4445
3477 4.16371
3478 -133.672
3479 11.188
3480 -37.4043
3481 95.311
3482 53.0037
3483 40.1214
3484 -41.5668
3485 17.3465
3486 9.10089
3487 71.7512
3488 -171.39
3489 35.8512
3490 -14.516
3491 175.782
3492 -52.1268
3493 -35.7563
3494 34.2901
3495 -57.851
3496 16.3173
3497 -83.4618
3498 106.413
3499 162.946
3500 -34.0065
3501 106.345
3502 10.3976
3503 -0.0698029
3504 -34.8839
3505 145.958
3506 -24.7084
3507 -39.0495
3508 8.32546
3509 100.615
3510 -22.7023
3511 -8.35097
3512 -62.9248
3513 -86.6858
3514 12.3429
3515 -51.1364
3516 -8.12246
3517 -23.2216
3518 -0.633752
3519 66.4323
3520 61.5066
3521 109.306
3522 19.0194
3523 -58.1788
3524 54.9998
3525 112.285
3526 42.7393
3527 -92.5638
3528 5.63725
3529 -139.428
3530 -123.374
3531 50.318
3532 -106.836
3533 2.81282
3534 -21.981
3535 20.2144
3536 131.551
3537 -112.935
3538 -35.9297
3539 96.1451
3540 -7.48926
3541 99.07
3542 59.4038
3543 33.8523
3544 -3.11214
3545 -44.9579
3546 -48.1796
3547 -129.032
3548 -3.16235
3549 2.36226
3550 26.3456
3551 5.64998
3552 48.997
3553 -114.997
3554 -95.2637
3555 -7.79965
3556 1.64146
3557 -19.0367
3558 0.845174
3559 42.3241
3560 -58.1654
3561 -124.503
3562 67.5093
3563 105.921
3564 -19.2539
3565 48.8088
3566 -10.7794
3567 -136.701
3568 86.4216
3569 5.09008
3570 83.0318
3571 316.707
3572 -44.0399
3573 51.3223
3574 92.295
3575 135.54
3576 -30.4705
3577 -46.108
3578 85.561
3579 121.331
3580 1.70883
3581 101.358
3582 124.686
3583 -59.7501
3584 -52.9248
3585 -56.0998
3586 -81.7529
3587 -14.1444
3588 121.292
3589 -103.132
3590 -25.4994
3591 102.932
3592 38.8814
3593 -106.407
3594 -97.598
3595 -170.8
3596 15.872
3597 34.5098
3598 -75.5548
3599 72.2584
3600 -103.4
3601 -21.4314
3602 41.5655
3603 -159.878
3604 118.052
3605 64.8098
3606 89.6097
3607 133.887
3608 -122.337
3609 -155.386
3610 115.061
3611 164.794
3612 -155.146
3613 -39.8438
3614 -46.7418
3615 15.7947
3616 -38.6979
3617 44.4235
3618 -1.34644
3619 -67.5799
3620 -35.4195
3621 -157.359
3622 8.13761
3623 -19.6538
3624 26.5268
3625 -169.269
3626 -9.22447
3627 17.8866
3628 -92.778
3629 158.746
3630 -25.3665
3631 -57.3657
3632 -48.3797
3633 20.2275
3634 114.027
3635 172.419
3636 -206.477
3637 22.3362
3638 -13.0422
3639 -23.1869
3640 18.2589
3641 47.1459
3642 -49.2903
3643 -6.98723
3644 -31.7988
3645 -172.376
3646 -60.1503
3647 -8.61612
3648 -69.6636
3649 30.1323
3650 71.773
3651 -42.5373
3652 69.3041
3653 60.8339
3654 94.2591
3655 81.2024
3656 16.2189
3657 125.872
3658 35.4971
3659 -74.6992
3660 54.2966
3661 4.68091
3662 44.2184
3663 4.95705
3664 -114.397
3665 154.217
3666 -36.5838
3667 121.711
3668 -55.2939
3669 -65.3095
3670 73.5104
3671 32.881
3672 36.709
3673 62.5748
3674 -135.568
3675 189.671
3676 -14.277
3677 28.1843
3678 -108.384
3679 -11.4059
3680 -65.1568
3681 -132.139
3682 -64.6296
3683 -14.9072
3684 117.444
3685 -21.1836
3686 -191.847
3687 45.7384
3688 116.293
3689 -87.7892
3690 0.906827
3691 99.3873
3692 -62.7718
3693 2.64686
3694 -22.9427
3695 122.253
3696 -138.499
3697 -66.4882
3698 -24.2485
3699 -43.4558
3700 40.2719
3701 22.156
3702 6.30453
3703 -118.213
3704 13.3137
3705 1.1578
3706 -45.3883
3707 146.376
3708 31.6031
3709 -78.5868
3710 -60.0326
3711 -217.583
3712 -70.8446
3713 55.5943
3714 -12.8763
3715 49.5099
3716 -86.4277
3717 177.807
3718 -66.4867
3719 -87.7487
3720 -55.8387
3721 -91.1017
3722 -183.421
3723 -58.8384
3724 31.8676
3725 33.3877
3726 171.864
3727 81.8175
3728 -168.17
3729 -24.9093
3730 9.2114
3731 -15.8656
3732 132.493
3733 -124.489
3734 -122.474
3735 -20.545
3736 -95.2548
3737 -14.659
3738 -123.041
3739 219.709
3740 -20.6573
3741 -1.02467
3742 143.801
3743 -66.598
3744 -32.3968
3745 -41.9702
3746 -152.276
3747 -133.942
3748 -15.4869
3749 -89.661
3750 -14.6353
3751 -115.944
3752 -167.943
3753 -102.248
3754 -11.5557
3755 47.3037
3756 -6.30974
3757 51.5104
3758 -34.5166
3759 -49.4643
3760 -20.1506
3761 -120.101
3762 -119.736
3763 109.142
3764 -102.794
3765 101.233
3766 94.4291
3767 121.099
3768 -1.77118
3769 188.888
3770 -45.9144
3771 -22.4502
3772 -8.43625
3773 -2.46001
3774 67.5873
3775 32.2798
3776 -74.9105
3777 -34.2159
3778 -22.7885
3779 -202.008
3780 -167.978
3781 -6.65479
3782 -94.3003
3783 43.0161
3784 16.6061
3785 -57.0875
3786 134.006
3787 101.024
3788 127.153
3789 -78.2599
3790 -21.9193
3791 -77.8434
3792 -82.6079
3793 1.21194
3794 -25.7263
3795 187.404
3796 -107.67
3797 5.60838
3798 -53.8052
3799 8.76367
3800 15.7012
3801 172.124
3802 -113.196
3803 -76.0587
3804 5.90797
3805 -55.6387
3806 7.06181
3807 42.8741
3808 -26.9332
3809 84.9553
3810 106.215
3811 -29.5252
3812 -113.378
3813 -88.9986
3814 161.271
3815 -73.8606
3816 -112.052
3817 38.0825
3818 -0.802021
3819 13.7131
3820 117.158
3821 87.2659
3822 -163.778
3823 -105.074
3824 101.469
3825 26.3402
3826 6.52736
3827 -31.8607
3828 80.9273
3829 45.8264
3830 110.437
3831 -11.9071
3832 14.0599
3833 -182.423
3834 2.01029
3835 60.8066
3836 2.42447
3837 -251.326
3838 75.5927
3839 -114.783
3840 -32.3378
3841 -9.86296
3842 27.6641
3843 78.267
3844 -113.521
3845 -59.0849
3846 -1.16242
3847 -111.107
3848 177.008
3849 8.67125
3850 49.6743
3851 180.277
3852 35.8914
3853 -37.1786
3854 -161.211
3855 -11.1225
3856 20.5623
3857 -12.4216
3858 -116.757
3859 -30.6492
3860 22.6745
3861 7.1498
3862 -71.6619
3863 -88.203
3864 120.531
3865 -82.5716
3866 26.4471
3867 33.6705
3868 -150.793
3869 -34.2279
3870 -56.593
3871 -109.063
3872 144.168
3873 -53.7044
3874 -54.4175
3875 -17.8605
3876 31.7454
3877 139.269
3878 -28.8646
3879 176.712
3880 -93.6642
3881 21.7087
3882 -102.942
3883 -37.4381
3884 131.783
3885 -138.465
3886 -77.5268
3887 129.008
3888 -40.784
3889 -241.994
3890 -15.8561
3891 35.1969
3892 -101.7
3893 2.71927
3894 86.347
3895 -234.01
3896 -64.3196
3897 54.6153
3898 -134.951
3899 48.7827
3900 -1.11546
3901 85.2345
3902 54.0826
3903 2.90143
3904 -11.3788
3905 106.269
3906 -90.1402
3907 -3.63843
3908 2.81099
3909 66.2691
3910 -86.414
3911 -30.9451
3912 -19.8158
3913 -161.982
3914 -50.4224
3915 -133.334
3916 -81.8929
3917 -6.63539
3918 13.1052
3919 -59.01
3920 -4.85661
3921 78.2868
3922 -82.1156
3923 -169.9
3924 -21.145
3925 50.7616
3926 -4.03227
3927 46.2055
3928 -186.719
3929 -48.0446
3930 -89.5362
3931 51.7759
3932 62.7513
3933 126.957
3934 -30.7856
3935 -54.1581
3936 87.2779
3937 35.8075
3938 196.19
3939 44.7926
3940 52.6109
3941 -31.4846
3942 128.268
3943 -31.4
3944 -40.392
3945 2.81745
3946 -39.614
3947 -45.6804
3948 -181.942
3949 -74.3028
3950 -23.5315
3951 47.3841
3952 -18.1945
3953 12.2939
3954 268.55
3955 25.9843
3956 43.755
3957 178.982
3958 191.824
3959 52.9455
3960 61.9178
3961 23.2342
3962 -29.9025
3963 46.3561
3964 -42.7055
3965 44.7325
3966 -91.2527
3967 -19.5609
3968 95.2627
3969 145.512
3970 -51.4893
3971 5.61458
3972 -7.61669
3973 77.8887
3974 -3.61937
3975 -58.3265
3976 113.494
3977 148.255
3978 -85.1725
3979 136.754
3980 -189.224
3981 -113.471
3982 -19.0155
3983 -25.5188
3984 158.691
3985 76.7355
3986 70.9286
3987 61.1542
3988 -55.3452
3989 281.78
3990 65.2742
3991 -120.017
3992 -86.6182
3993 122.066
3994 20.06
3995 -79.4006
3996 -3.16435
3997 -132.804
3998 173.492
3999 54.9121
4000 -68.61
4001 -43.8185
4002 48.8983
4003 107.155
4004 114.494
4005 72.948
4006 47.3547
4007 30.2602
4008 -63.3152
4009 -48.4201
4010 -97.8816
4011 41.6684
4012 -217.527
4013 12.5261
4014 -41.7182
4015 -112.971
4016 72.9283
4017 -22.7897
4018 45.3564
4019 -163.121
4020 -231.512
4021 38.1088
4022 -157.397
4023 35.0364
4024 -0.414825
4025 -44.8743
4026 35.5925
4027 -122.903
4028 -83.3081
4029 -92.9935
4030 -7.90157
4031 -35.1433
4032 45.6831
4033 -57.6529
4034 62.8099
4035 -16.9939
4036 14.5629
4037 -92.2775
4038 129.807
4039 -65.7269
4040 -42.7301
4041 -91.2837
4042 146.045
4043 106.528
4044 -187.989
4045 -75.687
4046 -2.1543
4047 11.1729
4048 -3.52815
4049 127.157
4050 56.2801
4051 -66.3916
4052 26.2945
4053 -42.7978
4054 -2.63427
4055 63.0902
4056 -125.143
4057 -3.33879
4058 -163.342
4059 -54.5437
4060 -30.9217
4061 -27.1751
4062 -149.198
4063 -140.372
4064 79.8083
4065 -39.5866
4066 -15.6982
4067 -50.6579
4068 -16.2549
4069 108.852
4070 26.0308
4071 -35.917
4072 128.791
4073 36.2251
4074 20.2258
4075 59.206
4076 15.5953
4077 192.986
4078 -2.77464
4079 184.745
4080 89.9102
4081 75.7945
4082 -143.147
4083 39.6293
4084 -49.7945
4085 -60.7057
4086 -15.2054
4087 -52.3617
4088 -103.438
4089 69.0658
4090 157.161
4091 -34.455
4092 24.3162
4093 -74.2602
4094 -18.7096
4095 -171.672
4096 89.4105
4097 -62.8323
4098 -50.5127
4099 178.173
4100 -68.5048
4101 27.4104
4102 103.944
4103 -26.8047
4104 49.2177
4105 5.55443
4106 -139.693
4107 -62.921
4108 108.847
4109 -185.715
4110 -160.892
4111 -55.1743
4112 -140.584
4113 -92.4071
4114 49.1227
4115 69.1908
4116 70.018
4117 -93.6855
4118 -48.1462
4119 -67.8529
4120 91.8378
4121 -22.1556
4122 131.746
4123 -168.695
4124 172.634
4125 -47.4065
4126 -32.6367
4127 63.7228
4128 -113.788
4129 24.8872
4130 -82.5232
4131 -91.5441
4132 -117.481
4133 -50.5042
4134 98.2927
4135 -70.7573
4136 -34.6007
4137 86.8506
4138 -25.3219
4139 46.3153
4140 -131.606
4141 -133.903
4142 -74.0695
4143 -180.574
4144 -1.59914
4145 54.0801
4146 60.3669
4147 -87.0989
4148 -63.8691
4149 22.5689
4150 79.0411
4151 -129.76
4152 -72.6461
4153 84.9441
4154 -32.1011
4155 28.3315
4156 169.778
4157 92.8151
4158 135.122
4159 -64.5349
4160 -78.2739
4161 -11.1647
4162 -53.1235
4163 123.195
4164 34.6662
4165 33.3969
4166 12.0653
4167 56.1687
4168 19.6716
4169 48.4576
4170 -159.581
4171 111.737
4172 -37.4001
4173 -2.3793
4174 -62.176
4175 41.6795
4176 6.69595
4177 -113.34
4178 108.44
4179 127.142
4180 -115.317
4181 88.187
4182 48.9285
4183 -3.81827
4184 -67.4326
4185 -108.529
4186 87.1953
4187 89.1907
4188 -76.8849
4189 35.485
4190 33.5922
4191 -77.0096
4192 146.251
4193 -52.9716
4194 48.2807
4195 -39.0627
4196 16.1005
4197 -100.095
4198 -21.9081
4199 -13.4515
4200 87.5015
4201 -17.8429
4202 52.752
4203 -2.55495
4204 49.7065
4205 -233.415
4206 -75.1442
4207 120.752
4208 -115.776
4209 -152.2
4210 41.3639
4211 -63.4908
4212 -30.5195
4213 72.3324
4214 41.0569
4215 -116.409
4216 -129.677
4217 74.0437
4218 -29.3514
4219 35.1691
4220 -4.5636
4221 109.635
4222 -73.0541
4223 -185.704
4224 15.0241
4225 11.1747
4226 50.2516
4227 -29.8447
4228 53.8361
4229 -85.5531
4230 63.8876
4231 -30.932
4232 103.177
4233 79.3847
4234 -15.203
4235 120.667
4236 81.479
4237 -19.7143
4238 -0.865931
4239 -256.986
4240 189.043
4241 80.1215
4242 -27.0856
4243 -21.5594
4244 139.115
4245 125.387
4246 -25.2351
4247 47.7273
4248 -34.0786
4249 -30.5672
4250 -67.3879
4251 -77.1148
4252 -66.9354
4253 31.605
4254 33.8056
4255 23.6794
4256 17.4298
4257 -122.874
4258 83.0428
4259 -75.7805
4260 88.912
4261 -160.642
4262 115.103
4263 -147.089
4264 3.33383
4265 -96.0239
4266 35.0293
4267 -25.3839
4268 -2.1699
4269 42.826
4270 -39.6981
4271 -1.88838
4272 -81.6269
4273 28.6352
4274 -105.144
4275 60.4255
4276 -209.061
4277 83.8409
4278 -18.7076
4279 -142.006
4280 91.3035
4281 -80.163
4282 -45.8975
4283 99.2179
4284 -4.15643
4285 -11.161
4286 -64.0544
4287 -72.404
4288 135.724
4289 -101.814
4290 43.7871
4291 -72.4684
4292 98.8156
4293 -43.8469
4294 -81.6026
4295 29.0749
4296 52.6351
4297 105.926
4298 -19.5566
4299 -21.5873
4300 -180.604
4301 -71.3472
4302 137.871
4303 -72.9576
4304 -95.953
4305 -117.888
4306 11.0223
4307 -30.2331
4308 110.489
4309 46.2525
4310 -229.911
4311 25.8636
4312 110.492
4313 -39.2512
4314 113.771
4315 -34.2372
4316 55.4271
4317 25.2172
4318 18.2367
4319 -77.6847
4320 -66.5053
4321 -55.5406
4322 13.747
4323 45.6142
4324 -22.4424
4325 40.5094
4326 -104.084
4327 -0.430307
4328 -2.92988
4329 -9.20037
4330 -24.1236
4331 -95.7793
4332 -3.8856
4333 -101.94
4334 9.30806
4335 -54.4769
4336 -201.178
4337 -46.9023
4338 -19.7385
4339 20.1362
4340 -1.0593
4341 45.9126
4342 97.6777
4343 65.72
4344 82.5398
4345 48.9223
4346 47.4868
4347 130.097
4348 48.8479
4349 -96.9058
4350 104.75
4351 14.8211
4352 -4.96953
4353 -60.2396
4354 -50.7137
4355 -4.16022
4356 1.93658
4357 87.5468
4358 76.2774
4359 -31.4358
4360 21.6378
4361 180.579
4362 -139.512
4363 -74.7546
4364 -86.816
4365 139.231
4366 34.4354
4367 61.8987
4368 157.456
4369 127.668
4370 50.0375
4371 -139.368
4372 -40.2381
4373 30.4998
4374 -55.4209
4375 157.578
4376 54.627
4377 20.0623
4378 278.003
4379 -32.7561
4380 93.6998
4381 8.72622
4382 -196.917
4383 -137.957
4384 234.349
4385 174.743
4386 -65.3909
4387 -57.4001
4388 21.7537
4389 68.6995
4390 11.7974
4391 43.7883
4392 -29.1833
4393 -99.9017
4394 103.919
4395 -90.7014
4396 -44.4948
4397 -87.3104
4398 0.207927
4399 -84.0122
4400 16.2927
4401 1.49821
4402 -124.231
4403 -107.2
4404 -86.6256
4405 -135.437
4406 81.8821
4407 -187.346
4408 101.691
4409 82.9433
4410 32.8671
4411 85.941
4412 -128.605
4413 47.7469
4414 -83.9271
4415 54.2375
4416 35.6097
4417 87.4348
4418 -86.8554
4419 198.545
4420 -60.4039
4421 71.4252
4422 82.7435
4423 -94.1415
4424 75.4609
4425 141.912
4426 69.0686
4427 -22.5614
4428 -127.438
4429 151.229
4430 -164.621
4431 28.7705
4432 -123.899
4433 143.098
4434 146.272
4435 2.71928
4436 217.297
4437 -62.9435
4438 -180.952
4439 70.9903
4440 -49.9582
4441 -34.5417
4442 37.2823
4443 3.19132
4444 71.1082
4445 11.6574
4446 12.1582
4447 6.28174
4448 -142.982
4449 -165.802
4450 -23.6752
4451 -89.1058
4452 -6.9478
4453 -6.99047
4454 -4.32258
4455 25.6738
4456 -119.94
4457 21.7851
4458 30.9194
4459 -105.223
4460 88.0344
4461 -72.9117
4462 42.4843
4463 -75.9325
4464 84.488
4465 119.254
4466 49.8369
4467 19.9004
4468 -142.623
4469 158.775
4470 161.363
4471 80.026
4472 -5.78355
4473 58.1562
4474 -193.466
4475 79.1119
4476 99.7782
4477 -8.30652
4478 29.4327
4479 129.681
4480 -45.7262
4481 -75.6457
4482 253.228
4483 16.4462
4484 -56.5494
4485 -78.6327
4486 -24.5269
4487 -99.3593
4488 132.665
4489 -19.0825
4490 -90.1696
4491 11.8678
4492 85.0376
4493 -0.177805
4494 119.572
4495 -42.4997
4496 -50.0961
4497 14.9926
4498 35.7433
4499 -142.816
4500 -48.0876
4501 -154.624
4502 -85.1068
4503 113.042
4504 -116.419
4505 155.291
4506 269.759
4507 -43.0859
4508 -65.2401
4509 -20.8222
4510 105.625
4511 -36.4903
4512 -56.0203
4513 52.8788
4514 -80.7405
4515 19.373
4516 125.031
4517 51.7831
4518 -15.1781
4519 14.0728
4520 -72.1944
4521 -54.9837
4522 128.934
4523 -76.0315
4524 -3.20159
4525 90.66
4526 -12.6286
4527 19.0837
4528 58.8329
4529 111.217
4530 -30.8054
4531 -50.1865
4532 13.4201
4533 2.57907
4534 121.36
4535 -95.7836
4536 95.5747
4537 19.0979
4538 26.4279
4539 45.7007
4540 108.054
4541 -89.9153
4542 -10.6802
4543 25.4459
4544 0.691015
4545 -53.5291
4546 -52.1629
4547 -8.24682
4548 -163.478
4549 -67.8565
4550 74.8116
4551 97.4534
4552 -25.98
4553 171.633
4554 67.8785
4555 -122.87
4556 0.8712
4557 29.4257
4558 -93.0512
4559 -42.4186
4560 46.5673
4561 83.9201
4562 131.215
4563 22.3374
4564 191.505
4565 91.9856
4566 -110.637
4567 63.9876
4568 -8.91402
4569 -0.411908
4570 49.917
4571 140.333
4572 -233.737
4573 113.163
4574 130.034
4575 121.053
4576 116.047
4577 28.8933
4578 152.786
4579 -13.0924
4580 79.9726
4581 2.26906
4582 -18.4794
4583 -10.8164
4584 -78.621
4585 35.5354
4586 157.416
4587 -39.6252
4588 68.6411
4589 79.6146
4590 -25.7262
4591 122.054
4592 -8.04444
4593 -32.4106
4594 70.6224
4595 173.376
4596 35.8848
4597 112.741
4598 208.957
4599 -193.845
4600 20.8202
4601 -219.181
4602 140.296
4603 -85.9502
4604 205.917
4605 -28.0815
4606 99.6801
4607 -123.342
4608 -41.6019
4609 -114.205
4610 -31.7827
4611 14.9301
4612 -190.012
4613 50.5058
4614 -2.72127
4615 -41.0793
4616 107.511
4617 24.461
4618 -70.9525
4619 27.0255
4620 -54.5261
4621 61.6605
4622 -38.7374
4623 -68.8946
4624 -134.095
4625 -72.4182
4626 -107.058
4627 31.3554
4628 -185.316
4629 68.9367
4630 -83.0555
4631 98.2311
4632 -89.8591
4633 9.07751
4634 -257.33
4635 -120.83
4636 -0.112007
4637 -136.703
4638 76.1004
4639 -42.5518
4640 126.993
4641 69.6941
4642 46.1079
4643 52.5689
4644 92.4718
4645 3.48978
4646 -102.67
4647 51.1808
4648 -239.227
4649 -64.2393
4650 55.6608
4651 31.4039
4652 -40.0986
4653 175.171
4654 -198.342
4655 22.3284
4656 84.5187
4657 30.3212
4658 33.8727
4659 63.7871
4660 81.1414
4661 -113.096
4662 98.2562
4663 -66.2794
4664 -55.2115
4665 73.8941
4666 35.9563
4667 15.4047
4668 -135.908
4669 -92.8937
4670 -39.2423
4671 119.472
4672 -130.713
4673 -44.6457
4674 95.755
4675 -0.318749
4676 63.0094
4677 -55.6487
4678 -129.74
4679 9.14027
4680 -22.5411
4681 -19.0239
4682 -72.1978
4683 83.0161
4684 87.1391
4685 136.852
4686 113.785
4687 -55.9076
4688 -92.0181
4689 125.23
4690 104.079
4691 -48.5166
4692 -121.877
4693 14.9877
4694 -39.6912
4695 -38.7461
4696 -55.0234
4697 -113.983
4698 -50.4377
4699 -13.0045
4700 190.889
4701 -80.0782
4702 64.7441
4703 55.7771
4704 -15.4994
4705 13.3642
4706 48.6574
4707 82.341
4708 11.9708
4709 96.8313
4710 7.00671
4711 15.425
4712 119.275
4713 -79.401
4714 14.4677
4715 -88.3079
4716 -64.7661
4717 -1.7613
4718 12.8261
4719 -32.9166
4720 -41.3787
4721 56.5515
4722 27.6717
4723 81.4564
4724 23.9571
4725 56.1229
4726 70.5382
4727 -28.439
4728 -23.8516
4729 92.0997
4730 -37.7062
4731 -23.6675
4732 3.48602
4733 86.1
4734 75.4349
4735 -46.1801
4736 26.1926
4737 -1.22965
4738 -25.0794
4739 58.8803
4740 262.131
4741 215.371
4742 -59.169
4743 42.9591
4744 -8.18157
4745 134.115
4746 33.2959
4747 -7.83963
4748 27.7582
4749 -121.842
4750 -8.557
4751 113.013
4752 -37.2288
4753 54.7088
4754 -32.176
4755 -4.81853
4756 -66.9265
4757 -60.3577
4758 86.2367
4759 122.348
4760 -87.477
4761 153.206
4762 -78.8078
4763 -22.5115
4764 -14.1037
4765 -172.53
4766 -59.2858
4767 -59.6881
4768 106.977
4769 -91.6358
4770 79.003
4771 -0.960824
4772 135.667
4773 13.7753
4774 30.0127
4775 13.2009
4776 1.16404
4777 84.3231
4778 -3.00539
4779 2.13263
4780 -47.0001
4781 -95.3694
4782 -66.235
4783 -65.7632
4784 23.6563
4785 -69.2847
4786 -24.4063
4787 52.9861
4788 -69.8121
4789 18.6563
4790 -21.9006
4791 -24.3057
4792 112.696
4793 -102.556
4794 5.29775
4795 25.8549
4796 44.3849
4797 -24.5173
4798 65.487
4799 0.0531227
4800 -16.6778
4801 -36.6366
4802 -63.3834
4803 -7.77354
4804 50.1223
4805 5.23995
4806 160.365
4807 -117.516
4808 5.93933
4809 -29.3005
4810 81.4986
4811 -4.97381
4812 1.46567
4813 111.718
4814 8.29269
4815 58.3707
4816 -40.7603
4817 -40.203
4818 51.6065
4819 -18.164
4820 13.0249
4821 -157.566
4822 76.1868
4823 23.6398
4824 101.298
4825 -65.7707
4826 -171.111
4827 24.5404
4828 -51.1642
4829 31.5678
4830 -61.115
4831 118.001
4832 24.3193
4833 132.272
4834 -9.5957
4835 66.6739
4836 -77.8028
4837 -73.1369
4838 -128.301
4839 209.818
4840 -64.4433
4841 -110.132
4842 -94.1234
4843 31.2938
4844 8.83926
4845 10.7699
4846 -118.99
4847 -79.0557
4848 10.2091
4849 101.242
4850 -36.8272
4851 -50.0343
4852 52.0019
4853 215.776
4854 109.741
4855 165.242
4856 -65.6969
4857 -45.1881
4858 9.8311
4859 0.373792
4860 24.3564
4861 180.726
4862 201.277
4863 9.30884
4864 -15.1497
4865 18.056
4866 -101.922
4867 -42.5877
4868 52.0585
4869 1.71888
4870 22.9658
4871 -84.0293
4872 -101.055
4873 -8.64262
4874 31.5031
4875 87.1045
4876 69.6568
4877 29.1405
4878 91.0724
4879 -127.907
4880 -38.828
4881 -61.232
4882 140.048
4883 -22.8419
4884 -71.7169
4885 41.8115
4886 -38.1196
4887 -18.9348
4888 -33.7968
4889 0.0180909
4890 8.77205
4891 85.7087
4892 -8.83497
4893 -238.471
4894 -49.2138
4895 -101.605
4896 -22.6591
4897 -18.0494
4898 -120.383
4899 -61.885
4900 69.2591
4901 75.3404
4902 -11.1569
4903 44.3942
4904 114.902
4905 60.6558
4906 -42.2138
4907 217.095
4908 -101.338
4909 -120.57
4910 -49.9788
4911 264.89
4912 -162.391
4913 156.092
4914 17.9579
4915 -26.6753
4916 -77.807
4917 -89.8363
4918 -63.2067
4919 -106.402
4920 -170.234
4921 87.7524
4922 -20.1041
4923 120.463
4924 204.332
4925 114.537
4926 83.3954
4927 -7.16549
4928 10.7146
4929 -50.1791
4930 -110.509
4931 23.0973
4932 -48.9071
4933 58.284
4934 -125.515
4935 107.722
4936 55.3429
4937 50.3472
4938 221.566
4939 52.3455
4940 -99.3756
4941 37.0902
4942 26.8914
4943 35.4679
4944 -28.191
4945 25.447
4946 -56.7608
4947 -183.222
4948 25.5114
4949 -49.6212
4950 27.8916
4951 -31.92
4952 -22.9005
4953 -84.2103
4954 -24.648
4955 29.5619
4956 63.4317
4957 -10.7722
4958 -75.7303
4959 75.3005
4960 -17.0458
4961 35.7714
4962 -129.081
4963 -158.998
4964 -89.0925
4965 21.4764
4966 -5.13587
4967 6.50699
4968 14.1905
4969 -123.379
4970 -38.4075
4971 122.462
4972 -70.2049
4973 -52.2451
4974 -108.657
4975 67.1482
4976 9.62898
4977 -81.138
4978 -37.1201
4979 -2.82066
4980 55.0762
4981 -18.0977
4982 -170.374
4983 -165.707
4984 31.2712
4985 145.787
4986 101.932
4987 -73.8425
4988 58.5372
4989 -73.6342
4990 -67.9478
4991 -62.5677
4992 90.6391
4993 38.3419
4994 -11.6451
4995 -47.7068
4996 -18.6017
4997 -101.598
4998 -94.9751
4999 -19.7627
