1 24 9 17 62 60 93 24 26 34 39 20 89 86 12 2 
74 69 36 52 65 16 54 66 54 32 74 76 16 35 72 73 
91 86 87 30 70 84 96 99 14 96 2 32 69 74 73 11 
10 8 8 30 91 47 7 10 2 91 30 2 71 90 100 63 
69 12 45 12 77 85 21 18 71 36 29 83 10 52 61 77 
50 10 60 2 41 34 47 99 85 91 32 59 69 42 2 45 
28 19 15 58 59 15 53 9 55 23 18 66 38 76 65 44 
73 60 51 95 91 44 41 65 17 46 72 76 62 32 84 83 
83 55 79 77 17 89 37 16 11 83 36 36 53 4 85 63 
16 81 21 26 3 24 89 41 80 29 69 47 53 35 80 18 
85 60 43 73 25 83 34 44 69 47 17 62 99 100 6 26 
80 2 51 23 4 50 1 12 36 51 26 41 55 71 54 29 
78 47 22 94 14 31 14 44 13 37 61 16 89 90 18 48 
34 37 48 68 42 30 53 4 33 74 92 11 49 30 29 22 
4 79 93 84 65 25 74 66 89 38 8 72 6 63 80 17 
37 49 71 56 75 67 76 76 10 5 62 11 23 51 76 80 
